Source Destination Heuristic
0 512 0.4486
0 256 0.4566
0 128 0.5904
0 64 0.6423
0 32 0.7850
0 16 0.6152
0 8 0.7211
0 4 0.5881
0 2 0.6885
0 1 0.7467
1 513 0.6835
1 257 0.6178
1 129 0.4779
1 65 0.3144
1 33 0.4012
1 17 0.7829
1 9 0.7653
1 5 0.5875
1 3 0.3630
2 514 0.5342
2 258 0.4677
2 130 0.3498
2 66 0.6875
2 34 0.3324
2 18 0.7104
2 10 0.2551
2 6 0.6846
2 3 0.3049
3 515 0.5371
3 259 0.4808
3 131 0.0865
3 67 0.3441
3 35 0.5344
3 19 0.0966
3 11 0.4036
3 7 0.3055
4 516 0.5154
4 260 0.4824
4 132 0.4279
4 68 0.2804
4 36 0.3299
4 20 0.2029
4 12 0.3776
4 6 0.5842
4 5 0.4289
5 517 0.7370
5 261 0.4334
5 133 0.2868
5 69 0.7373
5 37 0.3804
5 21 0.6394
5 13 0.7489
5 7 0.5300
6 518 0.9230
6 262 0.6877
6 134 0.6110
6 70 0.5882
6 38 0.7016
6 22 0.5637
6 14 0.7402
6 7 0.6853
7 519 0.6572
7 263 0.2493
7 135 0.4706
7 71 0.6713
7 39 0.3644
7 23 0.5031
7 15 0.2802
8 520 0.7193
8 264 0.4431
8 136 0.4485
8 72 0.7400
8 40 0.4799
8 24 0.4546
8 12 0.5106
8 10 0.2878
8 9 0.7398
9 521 0.7333
9 265 0.5877
9 137 0.5764
9 73 0.5692
9 41 0.7497
9 25 0.5786
9 13 0.9267
9 11 0.8059
10 522 0.0760
10 266 0.4958
10 138 0.3538
10 74 0.0145
10 42 0.3159
10 26 0.1062
10 14 0.3108
10 11 0.3539
11 523 0.5068
11 267 0.3682
11 139 0.7740
11 75 0.3465
11 43 0.5740
11 27 0.3771
11 15 0.3783
12 524 0.5997
12 268 0.5153
12 140 0.3201
12 76 0.6253
12 44 0.5432
12 28 0.4163
12 14 0.5335
12 13 0.6975
13 525 0.4703
13 269 0.7218
13 141 0.4884
13 77 0.5453
13 45 0.8883
13 29 0.5869
13 15 0.4991
14 526 0.7934
14 270 0.5067
14 142 0.5571
14 78 0.7396
14 46 0.3067
14 30 0.3742
14 15 0.3352
15 527 0.1824
15 271 0.2914
15 143 0.4083
15 79 0.1531
15 47 0.4836
15 31 0.3788
16 528 0.1751
16 272 0.4571
16 144 0.5045
16 80 0.2910
16 48 0.4075
16 24 0.3488
16 20 0.2300
16 18 0.6371
16 17 0.6514
17 529 0.8979
17 273 0.5048
17 145 0.8562
17 81 0.8538
17 49 0.8686
17 25 0.5961
17 21 0.8348
17 19 0.5165
18 530 0.6440
18 274 0.5811
18 146 0.5612
18 82 0.7280
18 50 0.8231
18 26 0.5614
18 22 0.5896
18 19 0.5022
19 531 0.0659
19 275 0.5341
19 147 0.2553
19 83 0.0386
19 51 0.4248
19 27 0.0702
19 23 0.2943
20 532 0.4435
20 276 0.2200
20 148 0.3796
20 84 0.5230
20 52 0.4681
20 28 0.2416
20 22 0.1825
20 21 0.4133
21 533 0.3766
21 277 0.4152
21 149 0.7381
21 85 0.5755
21 53 0.6205
21 29 0.4775
21 23 0.6125
22 534 0.2132
22 278 0.2190
22 150 0.3470
22 86 0.3055
22 54 0.1535
22 30 0.1977
22 23 0.3816
23 535 0.2711
23 279 0.2940
23 151 0.6932
23 87 0.3813
23 55 0.5325
23 31 0.6017
24 536 0.4478
24 280 0.5161
24 152 0.1795
24 88 0.6270
24 56 0.5961
24 28 0.3604
24 26 0.2731
24 25 0.2934
25 537 0.2455
25 281 0.2329
25 153 0.2762
25 89 0.5625
25 57 0.5026
25 29 0.2388
25 27 0.1497
26 538 0.5800
26 282 0.2236
26 154 0.3688
26 90 0.5651
26 58 0.4750
26 30 0.1696
26 27 0.1294
27 539 0.3123
27 283 0.0956
27 155 0.4601
27 91 0.1973
27 59 0.1192
27 31 0.3775
28 540 0.4451
28 284 0.4323
28 156 0.3901
28 92 0.5074
28 60 0.6668
28 30 0.2569
28 29 0.3057
29 541 0.2280
29 285 0.5384
29 157 0.1796
29 93 0.2301
29 61 0.4045
29 31 0.4666
30 542 0.3091
30 286 0.1029
30 158 0.2156
30 94 0.4564
30 62 0.2248
30 31 0.4178
31 543 0.7053
31 287 0.6379
31 159 0.4958
31 95 0.5201
31 63 0.7748
32 544 0.4137
32 288 0.5221
32 160 0.5592
32 96 0.6360
32 48 0.5773
32 40 0.5438
32 36 0.5267
32 34 0.4288
32 33 0.4395
33 545 0.2017
33 289 0.3639
33 161 0.2672
33 97 0.3806
33 49 0.4869
33 41 0.3855
33 37 0.1941
33 35 0.5726
34 546 0.3022
34 290 0.2011
34 162 0.4948
34 98 0.2545
34 50 0.4451
34 42 0.3931
34 38 0.3493
34 35 0.5619
35 547 0.6685
35 291 0.5965
35 163 0.6182
35 99 0.5258
35 51 0.8626
35 43 0.7048
35 39 0.5933
36 548 0.5579
36 292 0.3240
36 164 0.6025
36 100 0.2934
36 52 0.5951
36 44 0.4955
36 38 0.4473
36 37 0.2813
37 549 0.4861
37 293 0.1809
37 165 0.5220
37 101 0.4642
37 53 0.3615
37 45 0.5198
37 39 0.2147
38 550 0.7192
38 294 0.4057
38 166 0.7333
38 102 0.7067
38 54 0.2913
38 46 0.2681
38 39 0.3807
39 551 0.4924
39 295 0.2550
39 167 0.2993
39 103 0.5002
39 55 0.3937
39 47 0.5677
40 552 0.2816
40 296 0.3979
40 168 0.3630
40 104 0.2182
40 56 0.6214
40 44 0.5126
40 42 0.5081
40 41 0.4899
41 553 0.7659
41 297 0.3229
41 169 0.7592
41 105 0.6110
41 57 0.6737
41 45 0.7113
41 43 0.5178
42 554 0.3347
42 298 0.3688
42 170 0.7732
42 106 0.7345
42 58 0.6847
42 46 0.3118
42 43 0.5360
43 555 0.2843
43 299 0.3411
43 171 0.7256
43 107 0.7004
43 59 0.3161
43 47 0.6793
44 556 0.6801
44 300 0.7670
44 172 0.5942
44 108 0.5735
44 60 0.7937
44 46 0.3163
44 45 0.7340
45 557 0.6329
45 301 0.7792
45 173 0.6871
45 109 0.6339
45 61 0.7058
45 47 0.8728
46 558 0.1310
46 302 0.0456
46 174 0.2574
46 110 0.0996
46 62 0.1573
46 47 0.4551
47 559 0.4711
47 303 0.7258
47 175 0.9060
47 111 0.5275
47 63 0.8796
48 560 0.2777
48 304 0.5133
48 176 0.5532
48 112 0.7009
48 56 0.6549
48 52 0.6457
48 50 0.5936
48 49 0.6248
49 561 0.4375
49 305 0.4203
49 177 0.4967
49 113 0.4125
49 57 0.7751
49 53 0.6543
49 51 0.7769
50 562 0.5867
50 306 0.8296
50 178 0.8095
50 114 0.4970
50 58 0.7367
50 54 0.3871
50 51 0.7457
51 563 0.7579
51 307 0.7201
51 179 0.4110
51 115 0.5310
51 59 0.4738
51 55 0.6631
52 564 0.4975
52 308 0.7774
52 180 0.9098
52 116 0.8707
52 60 0.8933
52 54 0.4392
52 53 0.6753
53 565 0.4563
53 309 0.6704
53 181 0.5411
53 117 0.4286
53 61 0.5475
53 55 0.5405
54 566 0.3090
54 310 0.3392
54 182 0.3290
54 118 0.4575
54 62 0.1806
54 55 0.3044
55 567 0.5998
55 311 0.5491
55 183 0.3221
55 119 0.7308
55 63 0.7056
56 568 0.8148
56 312 0.9172
56 184 0.4414
56 120 0.7228
56 60 0.9025
56 58 0.7981
56 57 0.8053
57 569 0.6841
57 313 0.6232
57 185 0.5100
57 121 0.5311
57 61 0.6683
57 59 0.4720
58 570 0.8364
58 314 0.4038
58 186 0.6001
58 122 0.8151
58 62 0.5302
58 59 0.4648
59 571 0.3016
59 315 0.3656
59 187 0.2818
59 123 0.4791
59 63 0.5164
60 572 0.6411
60 316 0.5484
60 188 0.5355
60 124 0.6806
60 62 0.6348
60 61 0.7655
61 573 0.5825
61 317 0.4136
61 189 0.5005
61 125 0.7505
61 63 0.7126
62 574 0.4871
62 318 0.3051
62 190 0.5055
62 126 0.5144
62 63 0.5818
63 575 0.4461
63 319 0.5602
63 191 0.8490
63 127 0.5995
64 576 0.2968
64 320 0.2069
64 192 0.6946
64 96 0.4934
64 80 0.3181
64 72 0.6613
64 68 0.3346
64 66 0.6413
64 65 0.2101
65 577 0.3412
65 321 0.0900
65 193 0.3351
65 97 0.2939
65 81 0.3853
65 73 0.1182
65 69 0.4642
65 67 0.2955
66 578 0.6876
66 322 0.7058
66 194 0.5545
66 98 0.6097
66 82 0.7051
66 74 0.4468
66 70 0.5911
66 67 0.7268
67 579 0.7093
67 323 0.4535
67 195 0.6425
67 99 0.3356
67 83 0.2860
67 75 0.2870
67 71 0.7099
68 580 0.4713
68 324 0.5658
68 196 0.3621
68 100 0.2440
68 84 0.6004
68 76 0.5281
68 70 0.2843
68 69 0.5887
69 581 0.7551
69 325 0.5131
69 197 0.7273
69 101 0.8212
69 85 0.6734
69 77 0.5337
69 71 0.8786
70 582 0.5488
70 326 0.2334
70 198 0.6462
70 102 0.5933
70 86 0.3300
70 78 0.5876
70 71 0.5742
71 583 0.4537
71 327 0.5393
71 199 0.6968
71 103 0.8071
71 87 0.5494
71 79 0.5441
72 584 0.5335
72 328 0.6551
72 200 0.6010
72 104 0.4782
72 88 0.9123
72 76 0.8548
72 74 0.4667
72 73 0.5694
73 585 0.1260
73 329 0.1247
73 201 0.5126
73 105 0.4304
73 89 0.5531
73 77 0.1877
73 75 0.1097
74 586 0.4983
74 330 0.4329
74 202 0.1357
74 106 0.4330
74 90 0.4734
74 78 0.4433
74 75 0.0071
75 587 0.3541
75 331 0.0404
75 203 0.1969
75 107 0.4728
75 91 0.1668
75 79 0.1212
76 588 0.7604
76 332 0.5247
76 204 0.6309
76 108 0.6556
76 92 0.7165
76 78 0.8314
76 77 0.4731
77 589 0.5071
77 333 0.2092
77 205 0.2379
77 109 0.2909
77 93 0.1885
77 79 0.1992
78 590 0.8949
78 334 0.6860
78 206 0.8406
78 110 0.5325
78 94 0.8217
78 79 0.5575
79 591 0.4839
79 335 0.1992
79 207 0.3153
79 111 0.1970
79 95 0.2943
80 592 0.2068
80 336 0.2868
80 208 0.4804
80 112 0.5844
80 88 0.5693
80 84 0.5839
80 82 0.3820
80 81 0.4934
81 593 0.8002
81 337 0.7969
81 209 0.5334
81 113 0.3977
81 89 0.8202
81 85 0.5945
81 83 0.3758
82 594 0.6034
82 338 0.5597
82 210 0.3968
82 114 0.4019
82 90 0.7318
82 86 0.4440
82 83 0.2644
83 595 0.4056
83 339 0.2123
83 211 0.3034
83 115 0.1448
83 91 0.1658
83 87 0.1256
84 596 0.6258
84 340 0.8992
84 212 0.6714
84 116 0.9255
84 92 0.7888
84 86 0.6461
84 85 0.6851
85 597 0.5968
85 341 0.5537
85 213 0.3545
85 117 0.3836
85 93 0.3281
85 87 0.3443
86 598 0.2433
86 342 0.4361
86 214 0.6405
86 118 0.6095
86 94 0.5642
86 87 0.3053
87 599 0.5184
87 343 0.5424
87 215 0.2483
87 119 0.5796
87 95 0.2997
88 600 0.7292
88 344 0.7434
88 216 0.5962
88 120 0.7536
88 92 0.7741
88 90 0.9191
88 89 0.8961
89 601 0.6589
89 345 0.9201
89 217 0.7109
89 121 0.5910
89 93 0.5538
89 91 0.6101
90 602 0.8873
90 346 0.9002
90 218 0.7046
90 122 0.9052
90 94 0.8518
90 91 0.6331
91 603 0.4303
91 347 0.4871
91 219 0.4682
91 123 0.5573
91 95 0.3398
92 604 0.6702
92 348 0.3824
92 220 0.4039
92 124 0.5212
92 94 0.7069
92 93 0.4319
93 605 0.4889
93 349 0.6031
93 221 0.2265
93 125 0.5761
93 95 0.2835
94 606 0.4253
94 350 0.3991
94 222 0.5482
94 126 0.7459
94 95 0.5586
95 607 0.3027
95 351 0.3816
95 223 0.3030
95 127 0.3448
96 608 0.5570
96 352 0.3508
96 224 0.4470
96 112 0.7596
96 104 0.3104
96 100 0.4027
96 98 0.4617
96 97 0.5772
97 609 0.5428
97 353 0.3208
97 225 0.5111
97 113 0.3063
97 105 0.6061
97 101 0.6508
97 99 0.3339
98 610 0.6362
98 354 0.5576
98 226 0.2394
98 114 0.3065
98 106 0.5959
98 102 0.6119
98 99 0.2185
99 611 0.3433
99 355 0.0989
99 227 0.2287
99 115 0.1943
99 107 0.5213
99 103 0.4327
100 612 0.5742
100 356 0.2598
100 228 0.2122
100 116 0.5690
100 108 0.3715
100 102 0.5528
100 101 0.4764
101 613 0.6772
101 357 0.8276
101 229 0.6677
101 117 0.5314
101 109 0.5783
101 103 0.7497
102 614 0.5824
102 358 0.7949
102 230 0.4830
102 118 0.8728
102 110 0.5382
102 103 0.8261
103 615 0.6112
103 359 0.5326
103 231 0.8335
103 119 0.8373
103 111 0.4600
104 616 0.0542
104 360 0.4193
104 232 0.0436
104 120 0.3195
104 108 0.2791
104 106 0.4446
104 105 0.3393
105 617 0.5561
105 361 0.7391
105 233 0.4853
105 121 0.4684
105 109 0.5336
105 107 0.7935
106 618 0.7863
106 362 0.9117
106 234 0.8725
106 122 0.8648
106 110 0.5223
106 107 0.8988
107 619 0.9037
107 363 0.5336
107 235 0.6417
107 123 0.8634
107 111 0.5485
108 620 0.5567
108 364 0.5373
108 236 0.3445
108 124 0.4603
108 110 0.3568
108 109 0.4734
109 621 0.5252
109 365 0.6044
109 237 0.2960
109 125 0.6786
109 111 0.2886
110 622 0.3181
110 366 0.5706
110 238 0.4198
110 126 0.4567
110 111 0.1720
111 623 0.1583
111 367 0.2902
111 239 0.1047
111 127 0.2475
112 624 0.5021
112 368 0.5076
112 240 0.7130
112 120 0.7688
112 116 0.9259
112 114 0.6043
112 113 0.4887
113 625 0.3172
113 369 0.2909
113 241 0.2099
113 121 0.1685
113 117 0.1868
113 115 0.1666
114 626 0.3386
114 370 0.1762
114 242 0.3982
114 122 0.5754
114 118 0.5674
114 115 0.2823
115 627 0.2739
115 371 0.4766
115 243 0.1763
115 123 0.5363
115 119 0.5988
116 628 0.9535
116 372 0.9310
116 244 0.9596
116 124 0.6580
116 118 0.8890
116 117 0.6240
117 629 0.2813
117 373 0.5581
117 245 0.3579
117 125 0.6317
117 119 0.6190
118 630 0.8727
118 374 0.4978
118 246 0.5781
118 126 0.7913
118 119 0.8839
119 631 0.5656
119 375 0.9149
119 247 0.8593
119 127 0.6247
120 632 0.7344
120 376 0.5535
120 248 0.5911
120 124 0.5008
120 122 0.7398
120 121 0.4486
121 633 0.5811
121 377 0.6402
121 249 0.5507
121 125 0.6133
121 123 0.5382
122 634 0.9291
122 378 0.8960
122 250 0.7668
122 126 0.7993
122 123 0.8294
123 635 0.5886
123 379 0.5874
123 251 0.7654
123 127 0.5623
124 636 0.4538
124 380 0.2747
124 252 0.2420
124 126 0.5602
124 125 0.6655
125 637 0.4705
125 381 0.4816
125 253 0.6685
125 127 0.6374
126 638 0.3990
126 382 0.4512
126 254 0.3813
126 127 0.5321
127 639 0.6158
127 383 0.6096
127 255 0.4570
128 640 0.4377
128 384 0.3042
128 192 0.6426
128 160 0.3645
128 144 0.4797
128 136 0.3177
128 132 0.4301
128 130 0.2517
128 129 0.3216
129 641 0.6147
129 385 0.3016
129 193 0.4987
129 161 0.3440
129 145 0.5514
129 137 0.2890
129 133 0.1772
129 131 0.2014
130 642 0.1879
130 386 0.3992
130 194 0.2168
130 162 0.5123
130 146 0.2006
130 138 0.4485
130 134 0.2763
130 131 0.1315
131 643 0.1863
131 387 0.1147
131 195 0.3848
131 163 0.1703
131 147 0.2452
131 139 0.4569
131 135 0.2516
132 644 0.3794
132 388 0.4459
132 196 0.5096
132 164 0.7005
132 148 0.6045
132 140 0.3704
132 134 0.4546
132 133 0.2857
133 645 0.3612
133 389 0.0943
133 197 0.2768
133 165 0.4284
133 149 0.3855
133 141 0.0263
133 135 0.2274
134 646 0.5943
134 390 0.6165
134 198 0.6691
134 166 0.6428
134 150 0.3943
134 142 0.4280
134 135 0.3964
135 647 0.5869
135 391 0.3640
135 199 0.4962
135 167 0.4055
135 151 0.6607
135 143 0.5987
136 648 0.5058
136 392 0.4857
136 200 0.3095
136 168 0.3316
136 152 0.1734
136 140 0.2581
136 138 0.5146
136 137 0.2851
137 649 0.2662
137 393 0.4866
137 201 0.5198
137 169 0.5859
137 153 0.2740
137 141 0.1380
137 139 0.5444
138 650 0.3607
138 394 0.4787
138 202 0.4751
138 170 0.8112
138 154 0.6164
138 142 0.6001
138 139 0.7739
139 651 0.7647
139 395 0.8724
139 203 0.6243
139 171 0.9255
139 155 0.8569
139 143 0.8040
140 652 0.3633
140 396 0.5785
140 204 0.3257
140 172 0.3711
140 156 0.2939
140 142 0.3437
140 141 0.1109
141 653 0.3523
141 397 0.2484
141 205 0.1809
141 173 0.2872
141 157 0.0810
141 143 0.3976
142 654 0.7331
142 398 0.4022
142 206 0.6581
142 174 0.5078
142 158 0.3985
142 143 0.6302
143 655 0.6668
143 399 0.4402
143 207 0.5706
143 175 0.8307
143 159 0.5253
144 656 0.7440
144 400 0.8196
144 208 0.6939
144 176 0.6501
144 152 0.3353
144 148 0.6541
144 146 0.4286
144 145 0.7093
145 657 0.5025
145 401 0.4969
145 209 0.5358
145 177 0.4843
145 153 0.5363
145 149 0.7595
145 147 0.5950
146 658 0.4512
146 402 0.1912
146 210 0.2299
146 178 0.5476
146 154 0.3686
146 150 0.3187
146 147 0.3143
147 659 0.7056
147 403 0.2458
147 211 0.5202
147 179 0.2414
147 155 0.6452
147 151 0.6542
148 660 0.7211
148 404 0.4315
148 212 0.5281
148 180 0.8213
148 156 0.5281
148 150 0.5442
148 149 0.7043
149 661 0.7984
149 405 0.7114
149 213 0.5171
149 181 0.6586
149 157 0.4402
149 151 0.8188
150 662 0.4066
150 406 0.3657
150 214 0.6820
150 182 0.5225
150 158 0.3649
150 151 0.6586
151 663 0.4447
151 407 0.5049
151 215 0.5602
151 183 0.4829
151 159 0.5873
152 664 0.2374
152 408 0.2158
152 216 0.1488
152 184 0.0249
152 156 0.2093
152 154 0.2753
152 153 0.1623
153 665 0.4326
153 409 0.5847
153 217 0.4246
153 185 0.2836
153 157 0.2170
153 155 0.5865
154 666 0.7386
154 410 0.5857
154 218 0.5083
154 186 0.4940
154 158 0.4148
154 155 0.6995
155 667 0.6550
155 411 0.5581
155 219 0.7309
155 187 0.6226
155 159 0.5783
156 668 0.6353
156 412 0.5215
156 220 0.2865
156 188 0.2589
156 158 0.3488
156 157 0.2640
157 669 0.3683
157 413 0.2617
157 221 0.1760
157 189 0.2756
157 159 0.2087
158 670 0.2872
158 414 0.5635
158 222 0.3074
158 190 0.4962
158 159 0.2935
159 671 0.2441
159 415 0.4821
159 223 0.2787
159 191 0.5700
160 672 0.5814
160 416 0.2347
160 224 0.3702
160 176 0.5350
160 168 0.3784
160 164 0.6350
160 162 0.6251
160 161 0.3870
161 673 0.3985
161 417 0.3389
161 225 0.3977
161 177 0.2770
161 169 0.6410
161 165 0.5952
161 163 0.3129
162 674 0.4182
162 418 0.7661
162 226 0.4797
162 178 0.8593
162 170 0.8750
162 166 0.8788
162 163 0.5511
163 675 0.6121
163 419 0.1589
163 227 0.3211
163 179 0.1666
163 171 0.6389
163 167 0.3243
164 676 0.5262
164 420 0.7974
164 228 0.5212
164 180 0.9172
164 172 0.7012
164 166 0.8885
164 165 0.8432
165 677 0.6464
165 421 0.7222
165 229 0.7254
165 181 0.7016
165 173 0.6893
165 167 0.6066
166 678 0.6579
166 422 0.5852
166 230 0.5097
166 182 0.7709
166 174 0.7226
166 167 0.6519
167 679 0.5064
167 423 0.3617
167 231 0.6325
167 183 0.2277
167 175 0.6375
168 680 0.3768
168 424 0.2102
168 232 0.1885
168 184 0.1830
168 172 0.4447
168 170 0.6282
168 169 0.6324
169 681 0.5117
169 425 0.5672
169 233 0.6336
169 185 0.5956
169 173 0.7351
169 171 0.9670
170 682 0.9036
170 426 0.6885
170 234 0.9113
170 186 0.6887
170 174 0.7188
170 171 0.9628
171 683 0.5816
171 427 0.9410
171 235 0.6669
171 187 0.6912
171 175 0.9522
172 684 0.6421
172 428 0.6604
172 236 0.3652
172 188 0.3360
172 174 0.5353
172 173 0.5474
173 685 0.4460
173 429 0.6154
173 237 0.3492
173 189 0.4818
173 175 0.7203
174 686 0.3378
174 430 0.3972
174 238 0.5775
174 190 0.6055
174 175 0.7083
175 687 0.8279
175 431 0.8524
175 239 0.4831
175 191 0.8754
176 688 0.3638
176 432 0.6077
176 240 0.5653
176 184 0.3397
176 180 0.8173
176 178 0.7691
176 177 0.4251
177 689 0.2888
177 433 0.1898
177 241 0.2941
177 185 0.2315
177 181 0.3833
177 179 0.1307
178 690 0.7319
178 434 0.8319
178 242 0.7107
178 186 0.6729
178 182 0.7514
178 179 0.4748
179 691 0.1665
179 435 0.4403
179 243 0.0562
179 187 0.2188
179 183 0.0701
180 692 0.5751
180 436 0.9604
180 244 0.9987
180 188 0.5520
180 182 0.7995
180 181 0.7755
181 693 0.4138
181 437 0.7032
181 245 0.4703
181 189 0.4940
181 183 0.3227
182 694 0.5568
182 438 0.5043
182 246 0.4496
182 190 0.6538
182 183 0.3467
183 695 0.4110
183 439 0.4866
183 247 0.4506
183 191 0.4655
184 696 0.3486
184 440 0.4114
184 248 0.3098
184 188 0.0744
184 186 0.2435
184 185 0.1462
185 697 0.1468
185 441 0.3333
185 249 0.5296
185 189 0.3422
185 187 0.3197
186 698 0.7086
186 442 0.6285
186 250 0.5518
186 190 0.5754
186 187 0.4171
187 699 0.2107
187 443 0.4653
187 251 0.5681
187 191 0.6143
188 700 0.2218
188 444 0.5494
188 252 0.0970
188 190 0.4062
188 189 0.2704
189 701 0.2908
189 445 0.3254
189 253 0.4185
189 191 0.6368
190 702 0.4474
190 446 0.4966
190 254 0.3724
190 191 0.7727
191 703 0.8693
191 447 0.5274
191 255 0.7065
192 704 0.7362
192 448 0.8156
192 224 0.6483
192 208 0.8569
192 200 0.6344
192 196 0.7221
192 194 0.6078
192 193 0.8196
193 705 0.6190
193 449 0.6237
193 225 0.5523
193 209 0.4832
193 201 0.7295
193 197 0.5982
193 195 0.6821
194 706 0.3744
194 450 0.4678
194 226 0.1842
194 210 0.2462
194 202 0.2434
194 198 0.6097
194 195 0.4702
195 707 0.6571
195 451 0.4254
195 227 0.5356
195 211 0.6599
195 203 0.5523
195 199 0.6294
196 708 0.5352
196 452 0.5377
196 228 0.3303
196 212 0.4331
196 204 0.4649
196 198 0.7240
196 197 0.5007
197 709 0.7116
197 453 0.5931
197 229 0.5738
197 213 0.4084
197 205 0.4315
197 199 0.5456
198 710 0.5030
198 454 0.5602
198 230 0.5360
198 214 0.9567
198 206 0.8992
198 199 0.7689
199 711 0.3067
199 455 0.6719
199 231 0.7232
199 215 0.3957
199 207 0.4681
200 712 0.1761
200 456 0.3256
200 232 0.1664
200 216 0.2849
200 204 0.3771
200 202 0.2701
200 201 0.5442
201 713 0.8179
201 457 0.6024
201 233 0.5674
201 217 0.6704
201 205 0.5627
201 203 0.5997
202 714 0.3424
202 458 0.4556
202 234 0.5752
202 218 0.3669
202 206 0.5330
202 203 0.3256
203 715 0.5107
203 459 0.4775
203 235 0.3658
203 219 0.4983
203 207 0.3910
204 716 0.5401
204 460 0.4037
204 236 0.3198
204 220 0.3183
204 206 0.6401
204 205 0.3957
205 717 0.5995
205 461 0.2582
205 237 0.2429
205 221 0.2760
205 207 0.3539
206 718 0.4195
206 462 0.7366
206 238 0.7278
206 222 0.5670
206 207 0.5984
207 719 0.2653
207 463 0.5535
207 239 0.2230
207 223 0.3240
208 720 0.6474
208 464 0.3934
208 240 0.6090
208 216 0.5073
208 212 0.5678
208 210 0.4952
208 209 0.5204
209 721 0.6328
209 465 0.6298
209 241 0.3456
209 217 0.4241
209 213 0.2934
209 211 0.4610
210 722 0.5138
210 466 0.3118
210 242 0.3931
210 218 0.3697
210 214 0.5933
210 211 0.4359
211 723 0.4594
211 467 0.5940
211 243 0.3350
211 219 0.6059
211 215 0.4262
212 724 0.4943
212 468 0.3876
212 244 0.7055
212 220 0.2865
212 214 0.6659
212 213 0.3408
213 725 0.2091
213 469 0.4989
213 245 0.3287
213 221 0.2530
213 215 0.2586
214 726 0.6017
214 470 0.7001
214 246 0.6090
214 222 0.6245
214 215 0.5836
215 727 0.1386
215 471 0.5768
215 247 0.5280
215 223 0.2516
216 728 0.5039
216 472 0.3421
216 248 0.4337
216 220 0.2261
216 218 0.3818
216 217 0.4111
217 729 0.4745
217 473 0.4012
217 249 0.6706
217 221 0.3837
217 219 0.5691
218 730 0.2675
218 474 0.3068
218 250 0.5662
218 222 0.4009
218 219 0.5397
219 731 0.3190
219 475 0.3130
219 251 0.6764
219 223 0.4314
220 732 0.5406
220 476 0.4252
220 252 0.1247
220 222 0.2452
220 221 0.1986
221 733 0.3883
221 477 0.1424
221 253 0.3189
221 223 0.2460
222 734 0.3397
222 478 0.3952
222 254 0.1835
222 223 0.2925
223 735 0.4142
223 479 0.2427
223 255 0.4152
224 736 0.5890
224 480 0.5772
224 240 0.4004
224 232 0.1803
224 228 0.2564
224 226 0.2247
224 225 0.3809
225 737 0.6155
225 481 0.2788
225 241 0.4147
225 233 0.3902
225 229 0.5279
225 227 0.4058
226 738 0.5685
226 482 0.3028
226 242 0.3311
226 234 0.5160
226 230 0.1105
226 227 0.2496
227 739 0.5532
227 483 0.6475
227 243 0.2107
227 235 0.3491
227 231 0.6294
228 740 0.5756
228 484 0.5691
228 244 0.6027
228 236 0.1852
228 230 0.1423
228 229 0.4034
229 741 0.3733
229 485 0.4455
229 245 0.4941
229 237 0.3853
229 231 0.7514
230 742 0.2837
230 486 0.2098
230 246 0.1883
230 238 0.3645
230 231 0.4903
231 743 0.7100
231 487 0.5290
231 247 0.8555
231 239 0.4781
232 744 0.0336
232 488 0.0867
232 248 0.3153
232 236 0.1091
232 234 0.4716
232 233 0.1896
233 745 0.6600
233 489 0.2011
233 249 0.5676
233 237 0.2476
233 235 0.3335
234 746 0.6136
234 490 0.5954
234 250 0.7745
234 238 0.7700
234 235 0.6154
235 747 0.5512
235 491 0.1789
235 251 0.5438
235 239 0.1978
236 748 0.4260
236 492 0.2139
236 252 0.1262
236 238 0.4074
236 237 0.1671
237 749 0.2526
237 493 0.1476
237 253 0.2859
237 239 0.1121
238 750 0.6750
238 494 0.8004
238 254 0.3443
238 239 0.3524
239 751 0.3073
239 495 0.0789
239 255 0.3142
240 752 0.4294
240 496 0.2857
240 248 0.5354
240 244 0.7467
240 242 0.5069
240 241 0.4343
241 753 0.6610
241 497 0.6304
241 249 0.5921
241 245 0.3810
241 243 0.2196
242 754 0.5109
242 498 0.3186
242 250 0.5897
242 246 0.4089
242 243 0.2922
243 755 0.0946
243 499 0.2033
243 251 0.4054
243 247 0.4368
244 756 0.9536
244 500 0.6742
244 252 0.5436
244 246 0.6487
244 245 0.6934
245 757 0.4488
245 501 0.2338
245 253 0.3947
245 247 0.5981
246 758 0.2080
246 502 0.3555
246 254 0.1681
246 247 0.5534
247 759 0.4585
247 503 0.4209
247 255 0.6915
248 760 0.4114
248 504 0.2888
248 252 0.3323
248 250 0.6181
248 249 0.6933
249 761 0.8337
249 505 0.6096
249 253 0.6059
249 251 0.7780
250 762 0.3365
250 506 0.5223
250 254 0.3488
250 251 0.7028
251 763 0.4391
251 507 0.7797
251 255 0.6602
252 764 0.4276
252 508 0.0940
252 254 0.0630
252 253 0.2450
253 765 0.5641
253 509 0.6302
253 255 0.4881
254 766 0.2685
254 510 0.2417
254 255 0.3062
255 767 0.3829
255 511 0.5944
256 768 0.4030
256 384 0.1704
256 320 0.0212
256 288 0.1937
256 272 0.2984
256 264 0.1786
256 260 0.3508
256 258 0.2357
256 257 0.3277
257 769 0.4189
257 385 0.4414
257 321 0.3933
257 289 0.5806
257 273 0.3397
257 265 0.4402
257 261 0.4637
257 259 0.7355
258 770 0.4938
258 386 0.5171
258 322 0.4859
258 290 0.3364
258 274 0.3384
258 266 0.7083
258 262 0.4708
258 259 0.6436
259 771 0.5339
259 387 0.5091
259 323 0.5901
259 291 0.5428
259 275 0.9183
259 267 0.4454
259 263 0.4246
260 772 0.5379
260 388 0.5004
260 324 0.7678
260 292 0.4764
260 276 0.4995
260 268 0.6201
260 262 0.5858
260 261 0.4868
261 773 0.5886
261 389 0.2409
261 325 0.2091
261 293 0.2339
261 277 0.2092
261 269 0.4062
261 263 0.1527
262 774 0.5917
262 390 0.6932
262 326 0.3330
262 294 0.3919
262 278 0.3430
262 270 0.4542
262 263 0.2518
263 775 0.2263
263 391 0.1427
263 327 0.1173
263 295 0.1399
263 279 0.0402
263 271 0.2605
264 776 0.5254
264 392 0.4803
264 328 0.3582
264 296 0.3610
264 280 0.5046
264 268 0.4479
264 266 0.6511
264 265 0.2911
265 777 0.3707
265 393 0.4979
265 329 0.1434
265 297 0.1609
265 281 0.2420
265 269 0.3828
265 267 0.1500
266 778 0.7761
266 394 0.6207
266 330 0.9142
266 298 0.5486
266 282 0.6132
266 270 0.6916
266 267 0.5101
267 779 0.4065
267 395 0.4667
267 331 0.0621
267 299 0.1353
267 283 0.0867
267 271 0.2812
268 780 0.3388
268 396 0.7737
268 332 0.4147
268 300 0.7391
268 284 0.5313
268 270 0.4884
268 269 0.5396
269 781 0.3770
269 397 0.4818
269 333 0.3857
269 301 0.6126
269 285 0.6733
269 271 0.5140
270 782 0.2142
270 398 0.3517
270 334 0.4530
270 302 0.2456
270 286 0.2354
270 271 0.4628
271 783 0.6868
271 399 0.3233
271 335 0.3376
271 303 0.5336
271 287 0.5505
272 784 0.6859
272 400 0.7721
272 336 0.4529
272 304 0.5629
272 280 0.6244
272 276 0.4471
272 274 0.4011
272 273 0.3104
273 785 0.5046
273 401 0.1454
273 337 0.4479
273 305 0.0564
273 281 0.1415
273 277 0.0852
273 275 0.5223
274 786 0.5644
274 402 0.2112
274 338 0.4128
274 306 0.5877
274 282 0.2433
274 278 0.2107
274 275 0.6130
275 787 0.8265
275 403 0.5245
275 339 0.7078
275 307 0.8294
275 283 0.5596
275 279 0.5338
276 788 0.4669
276 404 0.2720
276 340 0.5963
276 308 0.5293
276 284 0.4107
276 278 0.2566
276 277 0.2219
277 789 0.1660
277 405 0.3885
277 341 0.3934
277 309 0.4652
277 285 0.4762
277 279 0.0967
278 790 0.1074
278 406 0.2377
278 342 0.3496
278 310 0.4047
278 286 0.1242
278 279 0.1315
279 791 0.2778
279 407 0.1057
279 343 0.4551
279 311 0.3106
279 287 0.3303
280 792 0.5814
280 408 0.5524
280 344 0.6325
280 312 0.8372
280 284 0.5880
280 282 0.4666
280 281 0.4555
281 793 0.5549
281 409 0.5413
281 345 0.5904
281 313 0.3535
281 285 0.5325
281 283 0.1787
282 794 0.5406
282 410 0.4405
282 346 0.5587
282 314 0.1524
282 286 0.1569
282 283 0.1899
283 795 0.5443
283 411 0.1936
283 347 0.3854
283 315 0.3420
283 287 0.3560
284 796 0.4229
284 412 0.5636
284 348 0.3072
284 316 0.3138
284 286 0.2783
284 285 0.6650
285 797 0.6443
285 413 0.6206
285 349 0.9115
285 317 0.5476
285 287 0.7098
286 798 0.3329
286 414 0.4508
286 350 0.0457
286 318 0.1832
286 287 0.3231
287 799 0.6500
287 415 0.6243
287 351 0.4995
287 319 0.4233
288 800 0.3111
288 416 0.1976
288 352 0.2369
288 304 0.4582
288 296 0.3762
288 292 0.3194
288 290 0.2944
288 289 0.4466
289 801 0.6068
289 417 0.4356
289 353 0.3041
289 305 0.2973
289 297 0.3013
289 293 0.3508
289 291 0.3879
290 802 0.5618
290 418 0.4724
290 354 0.5041
290 306 0.5857
290 298 0.1768
290 294 0.2575
290 291 0.2356
291 803 0.3243
291 419 0.1371
291 355 0.1696
291 307 0.4540
291 299 0.2328
291 295 0.2581
292 804 0.5989
292 420 0.5189
292 356 0.2903
292 308 0.5063
292 300 0.5954
292 294 0.2824
292 293 0.2236
293 805 0.5314
293 421 0.3811
293 357 0.5443
293 309 0.4899
293 301 0.4403
293 295 0.2212
294 806 0.5072
294 422 0.2576
294 358 0.4940
294 310 0.4536
294 302 0.1833
294 295 0.2800
295 807 0.1639
295 423 0.3174
295 359 0.2874
295 311 0.4103
295 303 0.4131
296 808 0.5102
296 424 0.2451
296 360 0.5990
296 312 0.6936
296 300 0.6522
296 298 0.2586
296 297 0.2309
297 809 0.0974
297 425 0.1308
297 361 0.4510
297 313 0.2724
297 301 0.3908
297 299 0.1462
298 810 0.3546
298 426 0.2839
298 362 0.5460
298 314 0.0878
298 302 0.1026
298 299 0.1739
299 811 0.3237
299 427 0.5566
299 363 0.1744
299 315 0.3906
299 303 0.3877
300 812 0.6913
300 428 0.8331
300 364 0.7308
300 316 0.5215
300 302 0.4963
300 301 0.8121
301 813 0.4464
301 429 0.7075
301 365 0.7497
301 317 0.4870
301 303 0.6323
302 814 0.0865
302 430 0.1854
302 366 0.5165
302 318 0.1933
302 303 0.3164
303 815 0.5543
303 431 0.6723
303 367 0.4885
303 319 0.4064
304 816 0.6807
304 432 0.5678
304 368 0.3201
304 312 0.7756
304 308 0.6451
304 306 0.7494
304 305 0.3089
305 817 0.0764
305 433 0.1134
305 369 0.2987
305 313 0.2684
305 309 0.4364
305 307 0.3634
306 818 0.8505
306 434 0.8521
306 370 0.5090
306 314 0.4967
306 310 0.7817
306 307 0.8040
307 819 0.4481
307 435 0.7494
307 371 0.6657
307 315 0.6118
307 311 0.6061
308 820 0.5088
308 436 0.8280
308 372 0.8378
308 316 0.4325
308 310 0.6774
308 309 0.7726
309 821 0.8527
309 437 0.8326
309 373 0.7999
309 317 0.5366
309 311 0.6791
310 822 0.5671
310 438 0.5145
310 374 0.3795
310 318 0.4636
310 311 0.5838
311 823 0.5780
311 439 0.7136
311 375 0.7332
311 319 0.4037
312 824 0.7486
312 440 0.8872
312 376 0.7479
312 316 0.5629
312 314 0.5229
312 313 0.7351
313 825 0.4309
313 441 0.4466
313 377 0.7324
313 317 0.3686
313 315 0.5168
314 826 0.0324
314 442 0.4321
314 378 0.4847
314 318 0.1786
314 315 0.3045
315 827 0.5783
315 443 0.5491
315 379 0.4738
315 319 0.4093
316 828 0.3174
316 444 0.5621
316 380 0.1425
316 318 0.2187
316 317 0.1964
317 829 0.4877
317 445 0.2386
317 381 0.1448
317 319 0.2611
318 830 0.2999
318 446 0.2962
318 382 0.2419
318 319 0.2834
319 831 0.2140
319 447 0.2386
319 383 0.5702
320 832 0.0799
320 448 0.3279
320 352 0.0644
320 336 0.1757
320 328 0.2008
320 324 0.4382
320 322 0.2714
320 321 0.0868
321 833 0.1013
321 449 0.3785
321 353 0.1168
321 337 0.5015
321 329 0.0965
321 325 0.1387
321 323 0.2479
322 834 0.2747
322 450 0.6192
322 354 0.6537
322 338 0.5604
322 330 0.6919
322 326 0.3482
322 323 0.4325
323 835 0.3489
323 451 0.2363
323 355 0.2168
323 339 0.3797
323 331 0.2069
323 327 0.2828
324 836 0.6929
324 452 0.7415
324 356 0.5817
324 340 0.8647
324 332 0.5624
324 326 0.5150
324 325 0.4902
325 837 0.4059
325 453 0.3788
325 357 0.5194
325 341 0.3933
325 333 0.1885
325 327 0.1738
326 838 0.5724
326 454 0.1474
326 358 0.4350
326 342 0.3396
326 334 0.3318
326 327 0.1986
327 839 0.1303
327 455 0.5143
327 359 0.2648
327 343 0.5323
327 335 0.1945
328 840 0.5863
328 456 0.3798
328 360 0.5961
328 344 0.4862
328 332 0.3250
328 330 0.6213
328 329 0.2105
329 841 0.3075
329 457 0.2145
329 361 0.4335
329 345 0.4917
329 333 0.1463
329 331 0.0555
330 842 0.6625
330 458 0.7527
330 362 0.9115
330 346 0.8598
330 334 0.6755
330 331 0.4663
331 843 0.1652
331 459 0.3211
331 363 0.1013
331 347 0.3608
331 335 0.1185
332 844 0.3640
332 460 0.2974
332 364 0.4064
332 348 0.1905
332 334 0.3792
332 333 0.2608
333 845 0.1394
333 461 0.2296
333 365 0.5228
333 349 0.6240
333 335 0.2093
334 846 0.5146
334 462 0.5820
334 366 0.7239
334 350 0.2632
334 335 0.3277
335 847 0.4229
335 463 0.4375
335 367 0.2925
335 351 0.2865
336 848 0.4863
336 464 0.1999
336 368 0.2101
336 344 0.4610
336 340 0.6021
336 338 0.4646
336 337 0.5904
337 849 0.6386
337 465 0.8933
337 369 0.6901
337 345 0.8967
337 341 0.7560
337 339 0.6334
338 850 0.3008
338 466 0.4748
338 370 0.3341
338 346 0.7282
338 342 0.5517
338 339 0.5076
339 851 0.3924
339 467 0.5029
339 371 0.5442
339 347 0.5336
339 343 0.6291
340 852 0.8449
340 468 0.6154
340 372 0.9047
340 348 0.4928
340 342 0.6893
340 341 0.7678
341 853 0.7520
341 469 0.6981
341 373 0.7281
341 349 0.8287
341 343 0.7518
342 854 0.6992
342 470 0.4957
342 374 0.3244
342 350 0.2710
342 343 0.6733
343 855 0.5420
343 471 0.8710
343 375 0.8778
343 351 0.6243
344 856 0.5282
344 472 0.4893
344 376 0.5433
344 348 0.3518
344 346 0.7247
344 345 0.7674
345 857 0.5190
345 473 0.6103
345 377 0.9693
345 349 0.9694
345 347 0.7971
346 858 0.5865
346 474 0.5024
346 378 0.8911
346 350 0.4475
346 347 0.7543
347 859 0.6044
347 475 0.3319
347 379 0.5172
347 351 0.5289
348 860 0.1769
348 476 0.4037
348 380 0.1359
348 350 0.0746
348 349 0.5537
349 861 0.9014
349 477 0.5190
349 381 0.5087
349 351 0.7012
350 862 0.4214
350 478 0.2460
350 382 0.1043
350 351 0.2220
351 863 0.3262
351 479 0.3213
351 383 0.6463
352 864 0.4801
352 480 0.4809
352 368 0.0988
352 360 0.4597
352 356 0.2078
352 354 0.4466
352 353 0.0944
353 865 0.4344
353 481 0.0886
353 369 0.3054
353 361 0.4538
353 357 0.4976
353 355 0.0858
354 866 0.6487
354 482 0.6210
354 370 0.4274
354 362 0.8733
354 358 0.7406
354 355 0.4380
355 867 0.2737
355 483 0.5177
355 371 0.3813
355 363 0.1113
355 359 0.1988
356 868 0.4356
356 484 0.6167
356 372 0.6218
356 364 0.4257
356 358 0.5018
356 357 0.6110
357 869 0.4647
357 485 0.6054
357 373 0.8543
357 365 0.8537
357 359 0.6106
358 870 0.4203
358 486 0.5216
358 374 0.4199
358 366 0.8272
358 359 0.5013
359 871 0.2090
359 487 0.2282
359 375 0.6103
359 367 0.3629
360 872 0.5661
360 488 0.4622
360 376 0.6532
360 364 0.6775
360 362 0.8864
360 361 0.8191
361 873 0.7136
361 489 0.4550
361 377 0.9110
361 365 0.8099
361 363 0.4793
362 874 0.7060
362 490 0.6345
362 378 0.9428
362 366 0.9599
362 363 0.5465
363 875 0.4666
363 491 0.0708
363 379 0.2577
363 367 0.2753
364 876 0.4871
364 492 0.4068
364 380 0.3518
364 366 0.7511
364 365 0.6683
365 877 0.5454
365 493 0.4559
365 381 0.4074
365 367 0.6059
366 878 0.6574
366 494 0.9511
366 382 0.5650
366 367 0.6887
367 879 0.4740
367 495 0.2643
367 383 0.6523
368 880 0.3712
368 496 0.0803
368 376 0.2923
368 372 0.5128
368 370 0.0796
368 369 0.3099
369 881 0.3063
369 497 0.7114
369 377 0.7627
369 373 0.6622
369 371 0.6009
370 882 0.2024
370 498 0.0967
370 378 0.4969
370 374 0.1066
370 371 0.3706
371 883 0.7991
371 499 0.5037
371 379 0.5277
371 375 0.7928
372 884 0.5263
372 500 0.6457
372 380 0.5478
372 374 0.5398
372 373 0.8651
373 885 0.7738
373 501 0.4340
373 381 0.4081
373 375 0.8541
374 886 0.4353
374 502 0.2752
374 382 0.1577
374 375 0.5289
375 887 0.6182
375 503 0.4766
375 383 0.8998
376 888 0.7363
376 504 0.2512
376 380 0.3275
376 378 0.7097
376 377 0.7451
377 889 0.7952
377 505 0.6991
377 381 0.5086
377 379 0.6895
378 890 0.5361
378 506 0.6515
378 382 0.5479
378 379 0.6540
379 891 0.5069
379 507 0.6017
379 383 0.6347
380 892 0.5670
380 508 0.1267
380 382 0.1657
380 381 0.0909
381 893 0.4916
381 509 0.4433
381 383 0.4538
382 894 0.5205
382 510 0.3116
382 383 0.5286
383 895 0.7163
383 511 0.7470
384 896 0.3322
384 448 0.4772
384 416 0.1744
384 400 0.6441
384 392 0.4722
384 388 0.3201
384 386 0.4517
384 385 0.2842
385 897 0.5309
385 449 0.4266
385 417 0.2965
385 401 0.2472
385 393 0.4992
385 389 0.2187
385 387 0.2149
386 898 0.4106
386 450 0.6502
386 418 0.6531
386 402 0.3898
386 394 0.4294
386 390 0.7394
386 387 0.3825
387 899 0.1079
387 451 0.1552
387 419 0.1033
387 403 0.1153
387 395 0.5303
387 391 0.2272
388 900 0.4919
388 452 0.4741
388 420 0.5429
388 404 0.2730
388 396 0.6540
388 390 0.6078
388 389 0.2545
389 901 0.3036
389 453 0.4106
389 421 0.3881
389 405 0.4202
389 397 0.3165
389 391 0.2309
390 902 0.4477
390 454 0.5076
390 422 0.5589
390 406 0.5878
390 398 0.5907
390 391 0.5841
391 903 0.4163
391 455 0.5397
391 423 0.3202
391 407 0.2082
391 399 0.2056
392 904 0.6257
392 456 0.5019
392 424 0.3644
392 408 0.5282
392 396 0.8061
392 394 0.4499
392 393 0.6872
393 905 0.8316
393 457 0.5691
393 425 0.4678
393 409 0.7972
393 397 0.5970
393 395 0.8146
394 906 0.4298
394 458 0.4592
394 426 0.3559
394 410 0.4480
394 398 0.2807
394 395 0.5773
395 907 0.6659
395 459 0.7256
395 427 0.8880
395 411 0.5736
395 399 0.5087
396 908 0.9307
396 460 0.6564
396 428 0.8677
396 412 0.8060
396 398 0.6370
396 397 0.7159
397 909 0.2258
397 461 0.3257
397 429 0.5766
397 413 0.4292
397 399 0.2911
398 910 0.2444
398 462 0.4807
398 430 0.2915
398 414 0.5671
398 399 0.2121
399 911 0.3463
399 463 0.4232
399 431 0.4619
399 415 0.3971
400 912 0.8966
400 464 0.5191
400 432 0.7771
400 408 0.7001
400 404 0.5970
400 402 0.5821
400 401 0.6071
401 913 0.2316
401 465 0.5908
401 433 0.2024
401 409 0.5452
401 405 0.4487
401 403 0.1476
402 914 0.4699
402 466 0.2731
402 434 0.4755
402 410 0.4083
402 406 0.2382
402 403 0.1226
403 915 0.3520
403 467 0.3196
403 435 0.4446
403 411 0.1586
403 407 0.0964
404 916 0.1679
404 468 0.2911
404 436 0.5707
404 412 0.4250
404 406 0.2530
404 405 0.4386
405 917 0.7433
405 469 0.6932
405 437 0.7560
405 413 0.5329
405 407 0.3975
406 918 0.4075
406 470 0.3838
406 438 0.3474
406 414 0.5642
406 407 0.2119
407 919 0.4051
407 471 0.5214
407 439 0.5087
407 415 0.3997
408 920 0.3213
408 472 0.4092
408 440 0.6024
408 412 0.5281
408 410 0.5262
408 409 0.6382
409 921 0.6151
409 473 0.5613
409 441 0.6344
409 413 0.6294
409 411 0.5562
410 922 0.7528
410 474 0.3841
410 442 0.7203
410 414 0.7344
410 411 0.4443
411 923 0.2284
411 475 0.1401
411 443 0.4007
411 415 0.4619
412 924 0.7402
412 476 0.6602
412 444 0.8120
412 414 0.7362
412 413 0.5192
413 925 0.6053
413 477 0.2281
413 445 0.3115
413 415 0.5352
414 926 0.8930
414 478 0.6512
414 446 0.5638
414 415 0.7520
415 927 0.5124
415 479 0.4461
415 447 0.4396
416 928 0.2722
416 480 0.4417
416 432 0.3074
416 424 0.0665
416 420 0.3972
416 418 0.3757
416 417 0.1867
417 929 0.4960
417 481 0.2202
417 433 0.2518
417 425 0.2651
417 421 0.4659
417 419 0.1849
418 930 0.3884
418 482 0.5893
418 434 0.7389
418 426 0.5796
418 422 0.4725
418 419 0.3739
419 931 0.1448
419 483 0.4853
419 435 0.4325
419 427 0.4609
419 423 0.1963
420 932 0.5342
420 484 0.8453
420 436 0.8407
420 428 0.7566
420 422 0.4940
420 421 0.6764
421 933 0.7008
421 485 0.4422
421 437 0.7238
421 429 0.6482
421 423 0.4773
422 934 0.2724
422 486 0.2853
422 438 0.3185
422 430 0.2597
422 423 0.2949
423 935 0.4615
423 487 0.2581
423 439 0.6206
423 431 0.5766
424 936 0.1052
424 488 0.1084
424 440 0.4386
424 428 0.4259
424 426 0.2705
424 425 0.1450
425 937 0.5417
425 489 0.1347
425 441 0.3050
425 429 0.4475
425 427 0.5412
426 938 0.6966
426 490 0.3725
426 442 0.6282
426 430 0.3668
426 427 0.6666
427 939 0.8507
427 491 0.4530
427 443 0.7151
427 431 0.8412
428 940 0.4093
428 492 0.5091
428 444 0.8737
428 430 0.5222
428 429 0.7285
429 941 0.6416
429 493 0.4137
429 445 0.4590
429 431 0.7475
430 942 0.2208
430 494 0.6200
430 446 0.2882
430 431 0.5413
431 943 0.7344
431 495 0.4481
431 447 0.5045
432 944 0.5824
432 496 0.3281
432 440 0.6794
432 436 0.7508
432 434 0.6705
432 433 0.3725
433 945 0.1625
433 497 0.5262
433 441 0.2916
433 437 0.5097
433 435 0.4995
434 946 0.4987
434 498 0.4398
434 442 0.7875
434 438 0.5848
434 435 0.7975
435 947 0.5728
435 499 0.5874
435 443 0.6867
435 439 0.8569
436 948 0.8291
436 500 0.6359
436 444 0.9577
436 438 0.6651
436 437 0.8881
437 949 0.8697
437 501 0.4667
437 445 0.5346
437 439 0.8671
438 950 0.6169
438 502 0.4102
438 446 0.3470
438 439 0.6442
439 951 0.8427
439 503 0.4569
439 447 0.5485
440 952 0.5010
440 504 0.3905
440 444 0.8864
440 442 0.7964
440 441 0.5987
441 953 0.3544
441 505 0.4133
441 445 0.3165
441 443 0.4789
442 954 0.6028
442 506 0.5989
442 446 0.5497
442 443 0.6767
443 955 0.7131
443 507 0.6769
443 447 0.3784
444 956 0.9924
444 508 0.5464
444 446 0.6396
444 445 0.6043
445 957 0.6011
445 509 0.5371
445 447 0.2160
446 958 0.4061
446 510 0.3659
446 447 0.2513
447 959 0.4502
447 511 0.4153
448 960 0.5886
448 480 0.7445
448 464 0.3522
448 456 0.5069
448 452 0.6312
448 450 0.6757
448 449 0.6196
449 961 0.6907
449 481 0.3503
449 465 0.7703
449 457 0.4966
449 453 0.6186
449 451 0.3669
450 962 0.4981
450 482 0.5865
450 466 0.5335
450 458 0.6800
450 454 0.4183
450 451 0.4230
451 963 0.5263
451 483 0.5373
451 467 0.3595
451 459 0.3506
451 455 0.4677
452 964 0.6834
452 484 0.7765
452 468 0.4922
452 460 0.4765
452 454 0.3739
452 453 0.6301
453 965 0.8087
453 485 0.4647
453 469 0.6836
453 461 0.4199
453 455 0.7194
454 966 0.5187
454 486 0.2339
454 470 0.3035
454 462 0.3976
454 455 0.4631
455 967 0.7720
455 487 0.4777
455 471 0.8530
455 463 0.7573
456 968 0.3176
456 488 0.2459
456 472 0.3829
456 460 0.3522
456 458 0.5111
456 457 0.3838
457 969 0.6089
457 489 0.2360
457 473 0.3332
457 461 0.2979
457 459 0.4801
458 970 0.7950
458 490 0.4757
458 474 0.3953
458 462 0.6592
458 459 0.6075
459 971 0.2985
459 491 0.2907
459 475 0.2922
459 463 0.6401
460 972 0.6369
460 492 0.2978
460 476 0.5106
460 462 0.5002
460 461 0.2663
461 973 0.3461
461 493 0.1628
461 477 0.1247
461 463 0.4578
462 974 0.3814
462 494 0.8092
462 478 0.5648
462 463 0.6918
463 975 0.7852
463 495 0.4093
463 479 0.4722
464 976 0.1772
464 496 0.0701
464 472 0.2282
464 468 0.2132
464 466 0.2100
464 465 0.5029
465 977 0.6231
465 497 0.9146
465 473 0.6069
465 469 0.8353
465 467 0.7629
466 978 0.3906
466 498 0.2374
466 474 0.2490
466 470 0.4187
466 467 0.4700
467 979 0.4308
467 499 0.4624
467 475 0.3011
467 471 0.7447
468 980 0.6683
468 500 0.3563
468 476 0.5262
468 470 0.4218
468 469 0.5456
469 981 0.4609
469 501 0.4039
469 477 0.3884
469 471 0.8172
470 982 0.5460
470 502 0.4465
470 478 0.4708
470 471 0.6934
471 983 0.8757
471 503 0.4698
471 479 0.5678
472 984 0.4677
472 504 0.1972
472 476 0.5413
472 474 0.2671
472 473 0.3322
473 985 0.6008
473 505 0.3401
473 477 0.1600
473 475 0.1452
474 986 0.1820
474 506 0.2629
474 478 0.3010
474 475 0.0800
475 987 0.4029
475 507 0.4163
475 479 0.1242
476 988 0.5857
476 508 0.3945
476 478 0.5752
476 477 0.3690
477 989 0.0978
477 509 0.4536
477 479 0.1391
478 990 0.5175
478 510 0.4534
478 479 0.3453
479 991 0.5726
479 511 0.4219
480 992 0.6596
480 496 0.4624
480 488 0.4835
480 484 0.8898
480 482 0.6553
480 481 0.4751
481 993 0.0958
481 497 0.4945
481 489 0.0897
481 485 0.1965
481 483 0.5205
482 994 0.6174
482 498 0.2903
482 490 0.3822
482 486 0.4021
482 483 0.7007
483 995 0.7961
483 499 0.6401
483 491 0.4773
483 487 0.5472
484 996 0.5230
484 500 0.6405
484 492 0.5978
484 486 0.6365
484 485 0.6111
485 997 0.2660
485 501 0.1851
485 493 0.2077
485 487 0.2230
486 998 0.5433
486 502 0.3770
486 494 0.6456
486 487 0.2485
487 999 0.4977
487 503 0.0944
487 495 0.1297
488 1000 0.4456
488 504 0.0602
488 492 0.1915
488 490 0.2104
488 489 0.0981
489 1001 0.1613
489 505 0.2430
489 493 0.1010
489 491 0.0465
490 1002 0.4126
490 506 0.3432
490 494 0.6258
490 491 0.1588
491 1003 0.1870
491 507 0.4148
491 495 0.0599
492 1004 0.6151
492 508 0.1817
492 494 0.6068
492 493 0.1943
493 1005 0.4940
493 509 0.4918
493 495 0.1143
494 1006 0.9557
494 510 0.6977
494 495 0.5268
495 1007 0.2979
495 511 0.3590
496 1008 0.1929
496 504 0.0391
496 500 0.2132
496 498 0.0974
496 497 0.4818
497 1009 0.6696
497 505 0.6478
497 501 0.4832
497 499 0.6141
498 1010 0.2299
498 506 0.2513
498 502 0.2652
498 499 0.2298
499 1011 0.3277
499 507 0.5776
499 503 0.1875
500 1012 0.4848
500 508 0.2245
500 502 0.3810
500 501 0.2146
501 1013 0.4753
501 509 0.4692
501 503 0.0565
502 1014 0.6987
502 510 0.4291
502 503 0.2229
503 1015 0.3696
503 511 0.3237
504 1016 0.0578
504 508 0.0505
504 506 0.1930
504 505 0.2051
505 1017 0.5464
505 509 0.6338
505 507 0.6113
506 1018 0.2514
506 510 0.4152
506 507 0.5992
507 1019 0.7409
507 511 0.7139
508 1020 0.2918
508 510 0.2727
508 509 0.4791
509 1021 0.5316
509 511 0.7365
510 1022 0.3492
510 511 0.5300
511 1023 0.7925
512 768 0.3950
512 640 0.2960
512 576 0.1031
512 544 0.0774
512 528 0.0086
512 520 0.4469
512 516 0.3759
512 514 0.2944
512 513 0.3855
513 769 0.4847
513 641 0.8202
513 577 0.7103
513 545 0.4841
513 529 0.7985
513 521 0.6515
513 517 0.8330
513 515 0.8576
514 770 0.5604
514 642 0.3723
514 578 0.5343
514 546 0.5040
514 530 0.4678
514 522 0.3550
514 518 0.7726
514 515 0.7665
515 771 0.5902
515 643 0.6370
515 579 0.9023
515 547 0.6713
515 531 0.5063
515 523 0.6402
515 519 0.8887
516 772 0.5709
516 644 0.4670
516 580 0.7063
516 548 0.7434
516 532 0.7559
516 524 0.7375
516 518 0.8542
516 517 0.8235
517 773 0.8922
517 645 0.8115
517 581 0.7549
517 549 0.8427
517 533 0.4742
517 525 0.4584
517 519 0.8642
518 774 0.8269
518 646 0.9062
518 582 0.8836
518 550 0.9406
518 534 0.5725
518 526 0.9762
518 519 0.8949
519 775 0.6341
519 647 0.7735
519 583 0.4396
519 551 0.7852
519 535 0.4251
519 527 0.5593
520 776 0.8016
520 648 0.7767
520 584 0.5129
520 552 0.5210
520 536 0.7126
520 524 0.8085
520 522 0.5075
520 521 0.7129
521 777 0.5162
521 649 0.4232
521 585 0.2902
521 553 0.7495
521 537 0.4002
521 525 0.2769
521 523 0.4341
522 778 0.3563
522 650 0.0828
522 586 0.5598
522 554 0.0948
522 538 0.5498
522 526 0.5586
522 523 0.2288
523 779 0.5451
523 651 0.4974
523 587 0.5143
523 555 0.2170
523 539 0.4420
523 527 0.3108
524 780 0.4232
524 652 0.6428
524 588 0.7348
524 556 0.7365
524 540 0.6284
524 526 0.8595
524 525 0.3725
525 781 0.1256
525 653 0.3343
525 589 0.4320
525 557 0.2148
525 541 0.1114
525 527 0.1535
526 782 0.5010
526 654 0.9695
526 590 0.9487
526 558 0.6178
526 542 0.7283
526 527 0.6406
527 783 0.5778
527 655 0.4409
527 591 0.5132
527 559 0.1699
527 543 0.5089
528 784 0.4039
528 656 0.4146
528 592 0.0909
528 560 0.0452
528 536 0.2742
528 532 0.3886
528 530 0.1820
528 529 0.4216
529 785 0.8978
529 657 0.5441
529 593 0.8442
529 561 0.4667
529 537 0.5473
529 533 0.4396
529 531 0.4472
530 786 0.6272
530 658 0.5341
530 594 0.5193
530 562 0.4077
530 538 0.6626
530 534 0.2676
530 531 0.2077
531 787 0.3582
531 659 0.5161
531 595 0.4329
531 563 0.3989
531 539 0.3080
531 535 0.0427
532 788 0.6903
532 660 0.7850
532 596 0.5463
532 564 0.4728
532 540 0.6469
532 534 0.4742
532 533 0.4066
533 789 0.1274
533 661 0.4369
533 597 0.3978
533 565 0.2124
533 541 0.1271
533 535 0.0351
534 790 0.1016
534 662 0.2727
534 598 0.1510
534 566 0.3687
534 542 0.3246
534 535 0.1027
535 791 0.2549
535 663 0.0226
535 599 0.4082
535 567 0.3383
535 543 0.3747
536 792 0.5131
536 664 0.5056
536 600 0.5500
536 568 0.6665
536 540 0.5325
536 538 0.7549
536 537 0.3999
537 793 0.5676
537 665 0.4019
537 601 0.3419
537 569 0.4269
537 541 0.2347
537 539 0.4081
538 794 0.8971
538 666 0.9498
538 602 0.9022
538 570 0.9414
538 542 0.7196
538 539 0.7630
539 795 0.7609
539 667 0.5072
539 603 0.5452
539 571 0.4947
539 543 0.6401
540 796 0.4357
540 668 0.6903
540 604 0.6078
540 572 0.4194
540 542 0.4972
540 541 0.3674
541 797 0.3338
541 669 0.4167
541 605 0.4869
541 573 0.4060
541 543 0.4667
542 798 0.5391
542 670 0.3807
542 606 0.2781
542 574 0.5714
542 543 0.5966
543 799 0.7173
543 671 0.4536
543 607 0.4880
543 575 0.3767
544 800 0.2027
544 672 0.4359
544 608 0.3346
544 560 0.1140
544 552 0.1515
544 548 0.4449
544 546 0.2871
544 545 0.1759
545 801 0.4446
545 673 0.3330
545 609 0.3639
545 561 0.1523
545 553 0.5821
545 549 0.4938
545 547 0.2977
546 802 0.6629
546 674 0.2256
546 610 0.6838
546 562 0.4439
546 554 0.2439
546 550 0.6721
546 547 0.4088
547 803 0.3964
547 675 0.6624
547 611 0.4860
547 563 0.5638
547 555 0.2480
547 551 0.5676
548 804 0.8329
548 676 0.4817
548 612 0.8387
548 564 0.4604
548 556 0.7425
548 550 0.8299
548 549 0.7627
549 805 0.8366
549 677 0.6105
549 613 0.6991
549 565 0.5809
549 557 0.5992
549 551 0.7637
550 806 0.8207
550 678 0.6438
550 614 0.5949
550 566 0.7369
550 558 0.5822
550 551 0.8309
551 807 0.4014
551 679 0.6995
551 615 0.6034
551 567 0.6984
551 559 0.3957
552 808 0.3940
552 680 0.2954
552 616 0.1177
552 568 0.4750
552 556 0.4491
552 554 0.1083
552 553 0.5576
553 809 0.5404
553 681 0.5183
553 617 0.7110
553 569 0.7762
553 557 0.6875
553 555 0.5324
554 810 0.3206
554 682 0.4651
554 618 0.3866
554 570 0.4864
554 558 0.1540
554 555 0.0830
555 811 0.2669
555 683 0.1404
555 619 0.4876
555 571 0.2698
555 559 0.0761
556 812 0.6044
556 684 0.7280
556 620 0.6633
556 572 0.5274
556 558 0.4948
556 557 0.5789
557 813 0.3001
557 685 0.3917
557 621 0.5241
557 573 0.5095
557 559 0.2311
558 814 0.1719
558 686 0.2115
558 622 0.3496
558 574 0.4609
558 559 0.1470
559 815 0.2995
559 687 0.3930
559 623 0.1018
559 575 0.0377
560 816 0.4451
560 688 0.0883
560 624 0.0789
560 568 0.4376
560 564 0.1295
560 562 0.2709
560 561 0.0904
561 817 0.0936
561 689 0.2296
561 625 0.3422
561 569 0.3464
561 565 0.2394
561 563 0.4184
562 818 0.6077
562 690 0.5092
562 626 0.4284
562 570 0.6864
562 566 0.5087
562 563 0.5989
563 819 0.4859
563 691 0.5134
563 627 0.5007
563 571 0.5856
563 567 0.6946
564 820 0.2289
564 692 0.1628
564 628 0.5803
564 572 0.2454
564 566 0.3673
564 565 0.2786
565 821 0.6385
565 693 0.3291
565 629 0.3090
565 573 0.4913
565 567 0.5156
566 822 0.5369
566 694 0.5368
566 630 0.7242
566 574 0.6155
566 567 0.6043
567 823 0.6287
567 695 0.6886
567 631 0.4346
567 575 0.3403
568 824 0.6462
568 696 0.7220
568 632 0.8265
568 572 0.5534
568 570 0.8531
568 569 0.6936
569 825 0.4917
569 697 0.3208
569 633 0.7340
569 573 0.5982
569 571 0.5136
570 826 0.4650
570 698 0.9448
570 634 0.9504
570 574 0.7933
570 571 0.6731
571 827 0.5144
571 699 0.2306
571 635 0.4111
571 575 0.2314
572 828 0.4102
572 700 0.3274
572 636 0.4143
572 574 0.4935
572 573 0.4581
573 829 0.6565
573 701 0.3728
573 637 0.3025
573 575 0.3160
574 830 0.4820
574 702 0.4290
574 638 0.3718
574 575 0.3515
575 831 0.1000
575 703 0.4665
575 639 0.4624
576 832 0.1697
576 704 0.3384
576 608 0.3604
576 592 0.1855
576 584 0.1691
576 580 0.4335
576 578 0.3431
576 577 0.4279
577 833 0.3526
577 705 0.6251
577 609 0.5900
577 593 0.7560
577 585 0.3490
577 581 0.6321
577 579 0.7550
578 834 0.2566
578 706 0.5075
578 610 0.7141
578 594 0.5859
578 586 0.7391
578 582 0.6453
578 579 0.6702
579 835 0.6048
579 707 0.7240
579 611 0.7170
579 595 0.8289
579 587 0.7764
579 583 0.4531
580 836 0.5983
580 708 0.6443
580 612 0.8015
580 596 0.4966
580 588 0.7036
580 582 0.7357
580 581 0.6377
581 837 0.6480
581 709 0.7394
581 613 0.6112
581 597 0.6784
581 589 0.7285
581 583 0.3302
582 838 0.8877
582 710 0.4055
582 614 0.5379
582 598 0.4622
582 590 0.8561
582 583 0.4283
583 839 0.0447
583 711 0.0635
583 615 0.2578
583 599 0.4227
583 591 0.3936
584 840 0.4647
584 712 0.1086
584 616 0.1096
584 600 0.3503
584 588 0.4391
584 586 0.5651
584 585 0.0902
585 841 0.3088
585 713 0.4314
585 617 0.2516
585 601 0.2319
585 589 0.4454
585 587 0.3704
586 842 0.7279
586 714 0.7049
586 618 0.8516
586 602 0.9122
586 590 0.9499
586 587 0.8454
587 843 0.4788
587 715 0.6679
587 619 0.7850
587 603 0.6176
587 591 0.7168
588 844 0.5998
588 716 0.6696
588 620 0.6615
588 604 0.7141
588 590 0.8239
588 589 0.7944
589 845 0.4372
589 717 0.8687
589 621 0.7413
589 605 0.8075
589 591 0.7917
590 846 0.7236
590 718 0.4738
590 622 0.6804
590 606 0.4985
590 591 0.8214
591 847 0.7075
591 719 0.4339
591 623 0.4453
591 607 0.4924
592 848 0.4063
592 720 0.3738
592 624 0.1245
592 600 0.3668
592 596 0.2486
592 594 0.4283
592 593 0.5136
593 849 0.6419
593 721 0.8996
593 625 0.7197
593 601 0.6389
593 597 0.8024
593 595 0.8299
594 850 0.3445
594 722 0.7204
594 626 0.5401
594 602 0.7590
594 598 0.4027
594 595 0.7446
595 851 0.5857
595 723 0.5615
595 627 0.5347
595 603 0.6701
595 599 0.7984
596 852 0.5715
596 724 0.4486
596 628 0.6537
596 604 0.5071
596 598 0.2230
596 597 0.5374
597 853 0.7951
597 725 0.4513
597 629 0.4944
597 605 0.7575
597 599 0.7709
598 854 0.5065
598 726 0.2045
598 630 0.5065
598 606 0.1045
598 599 0.4565
599 855 0.5180
599 727 0.4087
599 631 0.5045
599 607 0.5214
600 856 0.5140
600 728 0.6369
600 632 0.7100
600 604 0.6253
600 602 0.6975
600 601 0.4920
601 857 0.2578
601 729 0.4224
601 633 0.6490
601 605 0.5940
601 603 0.4790
602 858 0.5736
602 730 0.4501
602 634 0.9113
602 606 0.4607
602 603 0.6845
603 859 0.5476
603 731 0.2810
603 635 0.4616
603 607 0.3931
604 860 0.4647
604 732 0.8069
604 636 0.6028
604 606 0.3886
604 605 0.7273
605 861 0.7872
605 733 0.6507
605 637 0.3833
605 607 0.5081
606 862 0.4476
606 734 0.2169
606 638 0.0784
606 607 0.1694
607 863 0.2474
607 735 0.4139
607 639 0.5737
608 864 0.6863
608 736 0.6989
608 624 0.2994
608 616 0.3009
608 612 0.7285
608 610 0.7314
608 609 0.5226
609 865 0.6564
609 737 0.6472
609 625 0.5537
609 617 0.4928
609 613 0.5692
609 611 0.5522
610 866 0.7273
610 738 0.9653
610 626 0.6683
610 618 0.8266
610 614 0.6067
610 611 0.7610
611 867 0.5181
611 739 0.6678
611 627 0.4229
611 619 0.7256
611 615 0.5218
612 868 0.7501
612 740 0.9376
612 628 0.9587
612 620 0.7595
612 614 0.6038
612 613 0.7751
613 869 0.3144
613 741 0.3828
613 629 0.4271
613 621 0.6240
613 615 0.5388
614 870 0.2078
614 742 0.3830
614 630 0.5823
614 622 0.3623
614 615 0.3674
615 871 0.2876
615 743 0.4878
615 631 0.3397
615 623 0.3095
616 872 0.2011
616 744 0.0442
616 632 0.4692
616 620 0.3319
616 618 0.3961
616 617 0.2711
617 873 0.5305
617 745 0.7308
617 633 0.6688
617 621 0.5476
617 619 0.6662
618 874 0.5807
618 746 0.5274
618 634 0.8507
618 622 0.5822
618 619 0.7912
619 875 0.8366
619 747 0.8132
619 635 0.6289
619 623 0.5134
620 876 0.5064
620 748 0.6382
620 636 0.5501
620 622 0.5180
620 621 0.6084
621 877 0.4661
621 749 0.4818
621 637 0.3171
621 623 0.3948
622 878 0.4050
622 750 0.5734
622 638 0.2605
622 623 0.3044
623 879 0.3421
623 751 0.3609
623 639 0.5266
624 880 0.3657
624 752 0.2185
624 632 0.4677
624 628 0.5297
624 626 0.2364
624 625 0.3306
625 881 0.3326
625 753 0.7683
625 633 0.7298
625 629 0.4117
625 627 0.4244
626 882 0.3647
626 754 0.4512
626 634 0.6924
626 630 0.6439
626 627 0.3301
627 883 0.5963
627 755 0.1922
627 635 0.3261
627 631 0.2408
628 884 0.5488
628 756 0.9475
628 636 0.7493
628 630 0.9372
628 629 0.6107
629 885 0.4970
629 757 0.3722
629 637 0.1202
629 631 0.2280
630 886 0.8102
630 758 0.5026
630 638 0.4804
630 631 0.5544
631 887 0.2689
631 759 0.1648
631 639 0.5567
632 888 0.9172
632 760 0.5546
632 636 0.6874
632 634 0.9238
632 633 0.8669
633 889 0.7360
633 761 0.8640
633 637 0.4383
633 635 0.6315
634 890 0.5692
634 762 0.4988
634 638 0.5290
634 635 0.6884
635 891 0.5081
635 763 0.2622
635 639 0.6421
636 892 0.7460
636 764 0.6394
636 638 0.2926
636 637 0.2588
637 893 0.4805
637 765 0.3661
637 639 0.4489
638 894 0.4683
638 766 0.2862
638 639 0.4827
639 895 0.7226
639 767 0.5417
640 896 0.4657
640 704 0.5313
640 672 0.6546
640 656 0.7021
640 648 0.6258
640 644 0.3871
640 642 0.3740
640 641 0.7308
641 897 0.8439
641 705 0.7350
641 673 0.6692
641 657 0.5658
641 649 0.5919
641 645 0.7986
641 643 0.5996
642 898 0.1992
642 706 0.3454
642 674 0.0938
642 658 0.4385
642 650 0.1001
642 646 0.5059
642 643 0.2427
643 899 0.1794
643 707 0.4587
643 675 0.6281
643 659 0.6467
643 651 0.4941
643 647 0.5217
644 900 0.4254
644 708 0.4051
644 676 0.2052
644 660 0.4960
644 652 0.3723
644 646 0.5191
644 645 0.4550
645 901 0.5705
645 709 0.7960
645 677 0.5792
645 661 0.7742
645 653 0.6873
645 647 0.7208
646 902 0.4255
646 710 0.4282
646 678 0.6094
646 662 0.6066
646 654 0.8995
646 647 0.7849
647 903 0.6392
647 711 0.3974
647 679 0.6878
647 663 0.3710
647 655 0.6551
648 904 0.6458
648 712 0.3724
648 680 0.5510
648 664 0.5697
648 652 0.6110
648 650 0.3519
648 649 0.4869
649 905 0.6112
649 713 0.5644
649 681 0.1920
649 665 0.4248
649 653 0.4806
649 651 0.4865
650 906 0.3118
650 714 0.2279
650 682 0.4531
650 666 0.4828
650 654 0.4937
650 651 0.3514
651 907 0.5581
651 715 0.6510
651 683 0.4208
651 667 0.5626
651 655 0.6275
652 908 0.7155
652 716 0.5776
652 684 0.6342
652 668 0.7046
652 654 0.7528
652 653 0.6047
653 909 0.3297
653 717 0.7710
653 685 0.5112
653 669 0.6397
653 655 0.6217
654 910 0.5754
654 718 0.4946
654 686 0.5632
654 670 0.6218
654 655 0.7697
655 911 0.5729
655 719 0.3615
655 687 0.6641
655 671 0.3856
656 912 0.8211
656 720 0.6975
656 688 0.4576
656 664 0.6460
656 660 0.8110
656 658 0.7666
656 657 0.5371
657 913 0.2373
657 721 0.5994
657 689 0.3070
657 665 0.3987
657 661 0.5413
657 659 0.6130
658 914 0.7299
658 722 0.7351
658 690 0.6356
658 666 0.8213
658 662 0.5392
658 659 0.8425
659 915 0.8118
659 723 0.6447
659 691 0.6306
659 667 0.7153
659 663 0.4960
660 916 0.4576
660 724 0.6874
660 692 0.4749
660 668 0.8284
660 662 0.5836
660 661 0.8153
661 917 0.8303
661 725 0.4904
661 693 0.5536
661 669 0.7265
661 663 0.4244
662 918 0.4485
662 726 0.3263
662 694 0.4409
662 670 0.3288
662 663 0.1926
663 919 0.3449
663 727 0.0231
663 695 0.3729
663 671 0.1015
664 920 0.3428
664 728 0.5925
664 696 0.5611
664 668 0.6634
664 666 0.7006
664 665 0.5076
665 921 0.4630
665 729 0.4824
665 697 0.2958
665 669 0.5839
665 667 0.5010
666 922 0.9056
666 730 0.4977
666 698 0.9532
666 670 0.6109
666 667 0.6940
667 923 0.3253
667 731 0.2430
667 699 0.2431
667 671 0.3208
668 924 0.8540
668 732 0.8894
668 700 0.5982
668 670 0.5737
668 669 0.7396
669 925 0.7118
669 733 0.5806
669 701 0.3835
669 671 0.4037
670 926 0.6167
670 734 0.3195
670 702 0.2383
670 671 0.2377
671 927 0.2743
671 735 0.3796
671 703 0.5434
672 928 0.6189
672 736 0.8002
672 688 0.4102
672 680 0.5798
672 676 0.4727
672 674 0.3745
672 673 0.5930
673 929 0.5556
673 737 0.6164
673 689 0.4103
673 681 0.2692
673 677 0.4497
673 675 0.6977
674 930 0.0404
674 738 0.5071
674 690 0.2909
674 682 0.4468
674 678 0.1973
674 675 0.4792
675 931 0.5980
675 739 0.8442
675 691 0.6120
675 683 0.5548
675 679 0.7943
676 932 0.2630
676 740 0.5806
676 692 0.1841
676 684 0.4672
676 678 0.2955
676 677 0.3295
677 933 0.6251
677 741 0.2943
677 693 0.3587
677 685 0.4031
677 679 0.5463
678 934 0.3451
678 742 0.4319
678 694 0.4437
678 686 0.2731
678 679 0.5123
679 935 0.6062
679 743 0.5838
679 695 0.6897
679 687 0.6967
680 936 0.2717
680 744 0.2219
680 696 0.5423
680 684 0.5743
680 682 0.6522
680 681 0.2560
681 937 0.4862
681 745 0.5381
681 697 0.0630
681 685 0.2226
681 683 0.1263
682 938 0.9118
682 746 0.6059
682 698 0.9235
682 686 0.5226
682 683 0.5224
683 939 0.4913
683 747 0.4659
683 699 0.1012
683 687 0.4573
684 940 0.3911
684 748 0.7029
684 700 0.5279
684 686 0.4446
684 685 0.5408
685 941 0.4722
685 749 0.3494
685 701 0.2550
685 687 0.5536
686 942 0.1615
686 750 0.4354
686 702 0.1797
686 687 0.4575
687 943 0.7099
687 751 0.6521
687 703 0.8218
688 944 0.3385
688 752 0.2279
688 696 0.3727
688 692 0.1216
688 690 0.3266
688 689 0.2275
689 945 0.2615
689 753 0.6557
689 697 0.2041
689 693 0.3193
689 691 0.3246
690 946 0.3987
690 754 0.5321
690 698 0.7676
690 694 0.5373
690 691 0.4237
691 947 0.2991
691 755 0.2049
691 699 0.1584
691 695 0.5075
692 948 0.4437
692 756 0.5300
692 700 0.2448
692 694 0.3323
692 693 0.2133
693 949 0.5803
693 757 0.3924
693 701 0.2106
693 695 0.5021
694 950 0.6694
694 758 0.3152
694 702 0.3503
694 695 0.6211
695 951 0.7671
695 759 0.4189
695 703 0.8148
696 952 0.4382
696 760 0.4502
696 700 0.4960
696 698 0.8137
696 697 0.3492
697 953 0.1678
697 761 0.4508
697 701 0.0954
697 699 0.0378
698 954 0.6828
698 762 0.4932
698 702 0.5806
698 699 0.5023
699 955 0.4587
699 763 0.0817
699 703 0.4657
700 956 0.6648
700 764 0.5524
700 702 0.2629
700 701 0.2420
701 957 0.5665
701 765 0.4364
701 703 0.5232
702 958 0.3569
702 766 0.3435
702 703 0.5440
703 959 0.7921
703 767 0.5457
704 960 0.5092
704 736 0.6769
704 720 0.5268
704 712 0.2779
704 708 0.5493
704 706 0.5029
704 705 0.5356
705 961 0.6861
705 737 0.6823
705 721 0.7687
705 713 0.7075
705 709 0.7325
705 707 0.5941
706 962 0.4047
706 738 0.7587
706 722 0.6421
706 714 0.4733
706 710 0.2677
706 707 0.5614
707 963 0.7581
707 739 0.6747
707 723 0.4567
707 715 0.6155
707 711 0.3344
708 964 0.6809
708 740 0.7805
708 724 0.5964
708 716 0.6104
708 710 0.3142
708 709 0.7461
709 965 0.9272
709 741 0.5111
709 725 0.5122
709 717 0.8797
709 711 0.4727
710 966 0.4615
710 742 0.2506
710 726 0.1479
710 718 0.0232
710 711 0.0408
711 967 0.4068
711 743 0.2935
711 727 0.0496
711 719 0.1039
712 968 0.1680
712 744 0.0433
712 728 0.3951
712 716 0.3390
712 714 0.2485
712 713 0.4498
713 969 0.8245
713 745 0.9104
713 729 0.6220
713 717 0.8547
713 715 0.7288
714 970 0.6818
714 746 0.3807
714 730 0.2429
714 718 0.2289
714 715 0.5275
715 971 0.3317
715 747 0.6961
715 731 0.3313
715 719 0.3850
716 972 0.7733
716 748 0.6463
716 732 0.7624
716 718 0.3195
716 717 0.7440
717 973 0.6874
717 749 0.6092
717 733 0.7119
717 719 0.5109
718 974 0.0643
718 750 0.3668
718 734 0.1923
718 719 0.0864
719 975 0.4970
719 751 0.3496
719 735 0.3555
720 976 0.4312
720 752 0.4677
720 728 0.6439
720 724 0.5738
720 722 0.6660
720 721 0.7598
721 977 0.6261
721 753 0.9481
721 729 0.6831
721 725 0.5484
721 723 0.6311
722 978 0.5926
722 754 0.6316
722 730 0.4116
722 726 0.5222
722 723 0.5373
723 979 0.2961
723 755 0.2190
723 731 0.1724
723 727 0.1719
724 980 0.7751
724 756 0.7425
724 732 0.7484
724 726 0.4302
724 725 0.3626
725 981 0.1710
725 757 0.3291
725 733 0.3445
725 727 0.0891
726 982 0.4476
726 758 0.2006
726 734 0.3169
726 727 0.1568
727 983 0.4375
727 759 0.0691
727 735 0.3012
728 984 0.6295
728 760 0.4816
728 732 0.8185
728 730 0.3896
728 729 0.5673
729 985 0.6741
729 761 0.6375
729 733 0.4791
729 731 0.2244
730 986 0.1427
730 762 0.0377
730 734 0.2063
730 731 0.0467
731 987 0.4089
731 763 0.0817
731 735 0.3018
732 988 0.7011
732 764 0.8436
732 734 0.6352
732 733 0.7303
733 989 0.3437
733 765 0.6335
733 735 0.5565
734 990 0.4622
734 766 0.4246
734 735 0.4614
735 991 0.7441
735 767 0.3819
736 992 0.6714
736 752 0.6179
736 744 0.4423
736 740 0.9081
736 738 0.9328
736 737 0.8236
737 993 0.4325
737 753 0.8618
737 745 0.8852
737 741 0.4609
737 739 0.7629
738 994 0.8831
738 754 0.7482
738 746 0.6661
738 742 0.7416
738 739 0.8720
739 995 0.7017
739 755 0.4371
739 747 0.7553
739 743 0.6338
740 996 0.5295
740 756 0.9265
740 748 0.8164
740 742 0.7169
740 741 0.5454
741 997 0.1938
741 757 0.3279
741 749 0.2406
741 743 0.3318
742 998 0.6172
742 758 0.3034
742 750 0.5941
742 743 0.5033
743 999 0.6787
743 759 0.3130
743 751 0.5392
744 1000 0.3926
744 760 0.1298
744 748 0.3506
744 746 0.1756
744 745 0.5040
745 1001 0.6202
745 761 0.9260
745 749 0.6649
745 747 0.8777
746 1002 0.4308
746 762 0.1755
746 750 0.5186
746 747 0.5494
747 1003 0.5593
747 763 0.4465
747 751 0.6606
748 1004 0.8273
748 764 0.7274
748 750 0.6936
748 749 0.5115
749 1005 0.5991
749 765 0.5309
749 751 0.4479
750 1006 0.8304
750 766 0.5991
750 751 0.6300
751 1007 0.5264
751 767 0.3760
752 1008 0.3367
752 760 0.3054
752 756 0.6363
752 754 0.4334
752 753 0.6561
753 1009 0.7002
753 761 0.9024
753 757 0.7288
753 755 0.5360
754 1010 0.4221
754 762 0.2577
754 758 0.3100
754 755 0.3133
755 1011 0.2190
755 763 0.1283
755 759 0.1163
756 1012 0.7642
756 764 0.8376
756 758 0.5130
756 757 0.7090
757 1013 0.6904
757 765 0.6182
757 759 0.3091
758 1014 0.5513
758 766 0.3084
758 759 0.1130
759 1015 0.4072
759 767 0.1498
760 1016 0.1803
760 764 0.5066
760 762 0.1297
760 761 0.5517
761 1017 0.7706
761 765 0.7918
761 763 0.4947
762 1018 0.0655
762 766 0.2560
762 763 0.0726
763 1019 0.4002
763 767 0.1618
764 1020 0.6254
764 766 0.6330
764 765 0.7468
765 1021 0.4656
765 767 0.4589
766 1022 0.3759
766 767 0.3452
767 1023 0.5810
768 896 0.5647
768 832 0.4617
768 800 0.5204
768 784 0.7904
768 776 0.7498
768 772 0.5900
768 770 0.6610
768 769 0.4942
769 897 0.5085
769 833 0.1270
769 801 0.4452
769 785 0.5839
769 777 0.3494
769 773 0.5439
769 771 0.2173
770 898 0.3873
770 834 0.2825
770 802 0.7192
770 786 0.7198
770 778 0.5616
770 774 0.6147
770 771 0.3841
771 899 0.1327
771 835 0.2928
771 803 0.3154
771 787 0.4421
771 779 0.4950
771 775 0.3356
772 900 0.5294
772 836 0.4630
772 804 0.6604
772 788 0.5053
772 780 0.2566
772 774 0.5437
772 773 0.6397
773 901 0.6512
773 837 0.7853
773 805 0.8860
773 789 0.5454
773 781 0.5594
773 775 0.6622
774 902 0.3462
774 838 0.8310
774 806 0.7070
774 790 0.3560
774 782 0.3517
774 775 0.5662
775 903 0.4999
775 839 0.2392
775 807 0.2504
775 791 0.4639
775 783 0.6527
776 904 0.6708
776 840 0.7534
776 808 0.6746
776 792 0.6022
776 780 0.4163
776 778 0.6504
776 777 0.6050
777 905 0.7043
777 841 0.5348
777 809 0.3071
777 793 0.6836
777 781 0.3649
777 779 0.6271
778 906 0.5853
778 842 0.5244
778 810 0.5820
778 794 0.7036
778 782 0.2987
778 779 0.6725
779 907 0.6057
779 843 0.5095
779 811 0.5949
779 795 0.8640
779 783 0.8121
780 908 0.4959
780 844 0.2882
780 812 0.2910
780 796 0.2305
780 782 0.0646
780 781 0.1763
781 909 0.1210
781 845 0.1308
781 813 0.2108
781 797 0.3481
781 783 0.5499
782 910 0.1069
782 846 0.2758
782 814 0.0552
782 798 0.3117
782 783 0.4382
783 911 0.7099
783 847 0.7721
783 815 0.7075
783 799 0.7863
784 912 0.8104
784 848 0.7193
784 816 0.8037
784 792 0.6429
784 788 0.7056
784 786 0.8492
784 785 0.8801
785 913 0.5909
785 849 0.6954
785 817 0.5246
785 793 0.9181
785 789 0.5855
785 787 0.8088
786 914 0.8232
786 850 0.4524
786 818 0.8273
786 794 0.8617
786 790 0.4612
786 787 0.7778
787 915 0.6540
787 851 0.5111
787 819 0.4453
787 795 0.8112
787 791 0.5705
788 916 0.3629
788 852 0.7155
788 820 0.4464
788 796 0.4791
788 790 0.3176
788 789 0.4110
789 917 0.5208
789 853 0.5246
789 821 0.5535
789 797 0.3341
789 791 0.3472
790 918 0.2773
790 854 0.4570
790 822 0.2697
790 798 0.3160
790 791 0.2538
791 919 0.5773
791 855 0.3648
791 823 0.5453
791 799 0.5976
792 920 0.3503
792 856 0.4771
792 824 0.4929
792 796 0.4163
792 794 0.6554
792 793 0.6808
793 921 0.6288
793 857 0.4835
793 825 0.6323
793 797 0.6667
793 795 0.9204
794 922 0.8529
794 858 0.5684
794 826 0.4207
794 798 0.7166
794 795 0.8950
795 923 0.5790
795 859 0.7633
795 827 0.7806
795 799 0.8382
796 924 0.5995
796 860 0.2927
796 828 0.4265
796 798 0.4776
796 797 0.4022
797 925 0.6290
797 861 0.6342
797 829 0.5844
797 799 0.5845
798 926 0.7751
798 862 0.7087
798 830 0.4496
798 799 0.6598
799 927 0.5381
799 863 0.4767
799 831 0.4406
800 928 0.3857
800 864 0.5544
800 816 0.5337
800 808 0.4452
800 804 0.5907
800 802 0.5786
800 801 0.4713
801 929 0.6672
801 865 0.7371
801 817 0.3859
801 809 0.4029
801 805 0.7873
801 803 0.5433
802 930 0.4778
802 866 0.7064
802 818 0.8266
802 810 0.7396
802 806 0.8115
802 803 0.6504
803 931 0.3320
803 867 0.4285
803 819 0.3185
803 811 0.4153
803 807 0.2301
804 932 0.6142
804 868 0.7443
804 820 0.6015
804 812 0.6948
804 806 0.8237
804 805 0.9067
805 933 0.8512
805 869 0.4518
805 821 0.8942
805 813 0.5375
805 807 0.4742
806 934 0.5220
806 870 0.4335
806 822 0.6207
806 814 0.4104
806 807 0.3911
807 935 0.3081
807 871 0.0856
807 823 0.3317
807 815 0.3051
808 936 0.3704
808 872 0.4773
808 824 0.5652
808 812 0.5493
808 810 0.6062
808 809 0.3767
809 937 0.5083
809 873 0.3600
809 825 0.2559
809 813 0.1530
809 811 0.2749
810 938 0.7672
810 874 0.5147
810 826 0.2992
810 814 0.3385
810 811 0.5044
811 939 0.6178
811 875 0.6159
811 827 0.5114
811 815 0.4903
812 940 0.2675
812 876 0.4476
812 828 0.4871
812 814 0.2815
812 813 0.3256
813 941 0.3805
813 877 0.2421
813 829 0.4471
813 815 0.3684
814 942 0.1219
814 878 0.2273
814 830 0.1930
814 815 0.3244
815 943 0.6163
815 879 0.5397
815 831 0.3618
816 944 0.6953
816 880 0.7319
816 824 0.6538
816 820 0.5444
816 818 0.7818
816 817 0.4483
817 945 0.1255
817 881 0.0840
817 825 0.2389
817 821 0.4928
817 819 0.1612
818 946 0.4972
818 882 0.5439
818 826 0.3862
818 822 0.6359
818 819 0.4947
819 947 0.2716
819 883 0.5816
819 827 0.4147
819 823 0.4201
820 948 0.5099
820 884 0.1974
820 828 0.3938
820 822 0.3984
820 821 0.5889
821 949 0.8898
821 885 0.8266
821 829 0.8038
821 823 0.7517
822 950 0.6694
822 886 0.6229
822 830 0.4033
822 823 0.5613
823 951 0.7072
823 887 0.4630
823 831 0.3883
824 952 0.3624
824 888 0.7369
824 828 0.5030
824 826 0.2581
824 825 0.4444
825 953 0.3387
825 889 0.4937
825 829 0.5500
825 827 0.4925
826 954 0.2031
826 890 0.0838
826 830 0.1537
826 827 0.3063
827 955 0.7424
827 891 0.6114
827 831 0.3830
828 956 0.7476
828 892 0.7419
828 830 0.3987
828 829 0.6087
829 957 0.8503
829 893 0.8346
829 831 0.4405
830 958 0.4098
830 894 0.5786
830 831 0.2304
831 959 0.4255
831 895 0.3600
832 960 0.3406
832 864 0.4956
832 848 0.3905
832 840 0.4653
832 836 0.3346
832 834 0.0832
832 833 0.0944
833 961 0.4136
833 865 0.4189
833 849 0.2384
833 841 0.3124
833 837 0.3685
833 835 0.2025
834 962 0.1537
834 866 0.2697
834 850 0.0152
834 842 0.2454
834 838 0.4989
834 835 0.1912
835 963 0.6390
835 867 0.4059
835 851 0.3617
835 843 0.3073
835 839 0.1963
836 964 0.6349
836 868 0.5469
836 852 0.6732
836 844 0.4945
836 838 0.7503
836 837 0.6087
837 965 0.8357
837 869 0.3512
837 853 0.7646
837 845 0.3567
837 839 0.3624
838 966 0.9436
838 870 0.5576
838 854 0.9320
838 846 0.7551
838 839 0.5040
839 967 0.3879
839 871 0.0745
839 855 0.1400
839 847 0.3586
840 968 0.5241
840 872 0.5562
840 856 0.6283
840 844 0.6253
840 842 0.6275
840 841 0.6833
841 969 0.7019
841 873 0.5877
841 857 0.3347
841 845 0.3006
841 843 0.4172
842 970 0.7048
842 874 0.4571
842 858 0.3893
842 846 0.5016
842 843 0.3615
843 971 0.1426
843 875 0.5305
843 859 0.4088
843 847 0.4696
844 972 0.7035
844 876 0.4447
844 860 0.3504
844 846 0.4994
844 845 0.2426
845 973 0.2558
845 877 0.1620
845 861 0.4168
845 847 0.3529
846 974 0.3140
846 878 0.4481
846 862 0.6727
846 847 0.6097
847 975 0.7706
847 879 0.6043
847 863 0.4625
848 976 0.4637
848 880 0.6475
848 856 0.5535
848 852 0.7292
848 850 0.3226
848 849 0.5346
849 977 0.3684
849 881 0.2548
849 857 0.2608
849 853 0.6346
849 851 0.3977
850 978 0.2167
850 882 0.1691
850 858 0.1591
850 854 0.4483
850 851 0.1856
851 979 0.3203
851 883 0.6473
851 859 0.4632
851 855 0.3053
852 980 0.8980
852 884 0.4665
852 860 0.5291
852 854 0.8549
852 853 0.8292
853 981 0.5148
853 885 0.7977
853 861 0.8247
853 855 0.5422
854 982 0.7495
854 886 0.8102
854 862 0.8496
854 855 0.5679
855 983 0.5468
855 887 0.2824
855 863 0.2439
856 984 0.5067
856 888 0.7212
856 860 0.3534
856 858 0.3901
856 857 0.2797
857 985 0.5094
857 889 0.3448
857 861 0.4510
857 859 0.3263
858 986 0.2661
858 890 0.2315
858 862 0.5605
858 859 0.4367
859 987 0.6755
859 891 0.5941
859 863 0.4018
860 988 0.3589
860 892 0.6080
860 862 0.5238
860 861 0.5247
861 989 0.4802
861 893 0.8844
861 863 0.5264
862 990 0.6929
862 894 0.8376
862 863 0.5255
863 991 0.5775
863 895 0.3962
864 992 0.6587
864 880 0.7526
864 872 0.5865
864 868 0.7079
864 866 0.6822
864 865 0.8201
865 993 0.4416
865 881 0.4352
865 873 0.6942
865 869 0.4016
865 867 0.6223
866 994 0.6451
866 882 0.4237
866 874 0.4814
866 870 0.3284
866 867 0.4844
867 995 0.5521
867 883 0.6915
867 875 0.6291
867 871 0.2840
868 996 0.3420
868 884 0.3402
868 876 0.4970
868 870 0.3542
868 869 0.2894
869 997 0.1253
869 885 0.3843
869 877 0.1565
869 871 0.0633
870 998 0.4420
870 886 0.4358
870 878 0.2505
870 871 0.1280
871 999 0.4785
871 887 0.2169
871 879 0.3202
872 1000 0.5495
872 888 0.6491
872 876 0.3757
872 874 0.3858
872 873 0.4606
873 1001 0.4200
873 889 0.5978
873 877 0.4491
873 875 0.7009
874 1002 0.4841
874 890 0.2993
874 878 0.4035
874 875 0.6261
875 1003 0.5827
875 891 0.7158
875 879 0.6653
876 1004 0.6955
876 892 0.7024
876 878 0.3934
876 877 0.3641
877 1005 0.5834
877 893 0.6296
877 879 0.4134
878 1006 0.6620
878 894 0.6129
878 879 0.4427
879 1007 0.5075
879 895 0.5380
880 1008 0.4839
880 888 0.8152
880 884 0.3848
880 882 0.4940
880 881 0.3676
881 1009 0.2645
881 889 0.3387
881 885 0.4179
881 883 0.5044
882 1010 0.3356
882 890 0.2415
882 886 0.5310
882 883 0.6308
883 1011 0.6231
883 891 0.7782
883 887 0.6245
884 1012 0.3655
884 892 0.5455
884 886 0.4218
884 885 0.4351
885 1013 0.8152
885 893 0.8574
885 887 0.5380
886 1014 0.8589
886 894 0.7981
886 887 0.5247
887 1015 0.5112
887 895 0.4347
888 1016 0.5428
888 892 0.9758
888 890 0.5626
888 889 0.7863
889 1017 0.6425
889 893 0.7782
889 891 0.6126
890 1018 0.1359
890 894 0.5086
890 891 0.3889
891 1019 0.6461
891 895 0.5885
892 1020 0.7320
892 894 0.9218
892 893 0.9678
893 1021 0.5799
893 895 0.7541
894 1022 0.5580
894 895 0.7082
895 1023 0.7619
896 960 0.4436
896 928 0.4300
896 912 0.5847
896 904 0.4858
896 900 0.5041
896 898 0.2910
896 897 0.5790
897 961 0.7950
897 929 0.7304
897 913 0.5154
897 905 0.8633
897 901 0.6159
897 899 0.4239
898 962 0.2585
898 930 0.1459
898 914 0.4907
898 906 0.4109
898 902 0.1188
898 899 0.1359
899 963 0.4789
899 931 0.1494
899 915 0.3445
899 907 0.2434
899 903 0.2969
900 964 0.7013
900 932 0.4832
900 916 0.3870
900 908 0.7687
900 902 0.3319
900 901 0.5410
901 965 0.7016
901 933 0.6164
901 917 0.6267
901 909 0.2129
901 903 0.4889
902 966 0.4588
902 934 0.1612
902 918 0.2674
902 910 0.1014
902 903 0.2798
903 967 0.6485
903 935 0.5576
903 919 0.6132
903 911 0.5571
904 968 0.4415
904 936 0.3666
904 920 0.4189
904 908 0.7503
904 906 0.6057
904 905 0.7701
905 969 0.8714
905 937 0.9054
905 921 0.6494
905 909 0.4603
905 907 0.6828
906 970 0.7656
906 938 0.7704
906 922 0.7346
906 910 0.3935
906 907 0.5184
907 971 0.2388
907 939 0.6286
907 923 0.3207
907 911 0.5035
908 972 0.9112
908 940 0.4723
908 924 0.8649
908 910 0.5381
908 909 0.4405
909 973 0.2461
909 941 0.2907
909 925 0.4019
909 911 0.2810
910 974 0.1451
910 942 0.1737
910 926 0.5702
910 911 0.3785
911 975 0.7084
911 943 0.6188
911 927 0.4617
912 976 0.5548
912 944 0.7019
912 920 0.5179
912 916 0.4676
912 914 0.7844
912 913 0.5212
913 977 0.2640
913 945 0.1917
913 921 0.3015
913 917 0.5262
913 915 0.4361
914 978 0.5875
914 946 0.4931
914 922 0.8143
914 918 0.6393
914 915 0.6993
915 979 0.4632
915 947 0.4803
915 923 0.4219
915 919 0.6607
916 980 0.5453
916 948 0.4264
916 924 0.4832
916 918 0.3225
916 917 0.4727
917 981 0.5110
917 949 0.8570
917 925 0.8157
917 919 0.7509
918 982 0.5698
918 950 0.6770
918 926 0.7363
918 919 0.6008
919 983 0.7593
919 951 0.7391
919 927 0.5178
920 984 0.3798
920 952 0.2199
920 924 0.5334
920 922 0.5478
920 921 0.2982
921 985 0.6547
921 953 0.3351
921 925 0.5910
921 923 0.2873
922 986 0.5506
922 954 0.6352
922 926 0.9113
922 923 0.5369
923 987 0.4912
923 955 0.5408
923 927 0.2788
924 988 0.6658
924 956 0.9206
924 926 0.8970
924 925 0.8262
925 989 0.4750
925 957 0.8949
925 927 0.5826
926 990 0.7593
926 958 0.7352
926 927 0.6533
927 991 0.6389
927 959 0.5230
928 992 0.4901
928 944 0.5472
928 936 0.3109
928 932 0.4092
928 930 0.2849
928 929 0.5815
929 993 0.3717
929 945 0.4067
929 937 0.7726
929 933 0.7309
929 931 0.4559
930 994 0.4165
930 946 0.1483
930 938 0.5054
930 934 0.1883
930 931 0.1593
931 995 0.4556
931 947 0.2851
931 939 0.5346
931 935 0.4100
932 996 0.2119
932 948 0.5226
932 940 0.1869
932 934 0.3125
932 933 0.5586
933 997 0.5247
933 949 0.8467
933 941 0.6942
933 935 0.6850
934 998 0.5304
934 950 0.5707
934 942 0.2335
934 935 0.4389
935 999 0.7010
935 951 0.6836
935 943 0.6193
936 1000 0.4425
936 952 0.1676
936 940 0.0886
936 938 0.5313
936 937 0.5019
937 1001 0.5683
937 953 0.5911
937 941 0.7358
937 939 0.8512
938 1002 0.7367
938 954 0.6711
938 942 0.5506
938 939 0.8806
939 1003 0.5847
939 955 0.8488
939 943 0.7439
940 1004 0.5154
940 956 0.5280
940 942 0.1079
940 941 0.3225
941 1005 0.7219
941 957 0.7837
941 943 0.6285
942 1006 0.5565
942 958 0.3387
942 943 0.4139
943 1007 0.5842
943 959 0.6802
944 1008 0.4472
944 952 0.4040
944 948 0.6606
944 946 0.4106
944 945 0.3724
945 1009 0.3059
945 953 0.2253
945 949 0.5224
945 947 0.2359
946 1010 0.2888
946 954 0.3140
946 950 0.5308
946 947 0.2741
947 1011 0.3132
947 955 0.5993
947 951 0.5587
948 1012 0.6780
948 956 0.8638
948 950 0.7809
948 949 0.8107
949 1013 0.8782
949 957 0.9362
949 951 0.8453
950 1014 0.9054
950 958 0.6760
950 951 0.8154
951 1015 0.7554
951 959 0.7444
952 1016 0.1683
952 956 0.6070
952 954 0.3074
952 953 0.2568
953 1017 0.4876
953 957 0.6390
953 955 0.5887
954 1018 0.2551
954 958 0.4592
954 955 0.6392
955 1019 0.7771
955 959 0.7850
956 1020 0.7378
956 958 0.7589
956 957 0.9892
957 1021 0.5957
957 959 0.8354
958 1022 0.3893
958 959 0.6049
959 1023 0.8274
960 992 0.5037
960 976 0.4137
960 968 0.3993
960 964 0.6408
960 962 0.4111
960 961 0.6597
961 993 0.4363
961 977 0.5435
961 969 0.8031
961 965 0.8808
961 963 0.8501
962 994 0.5291
962 978 0.3553
962 970 0.6132
962 966 0.5985
962 963 0.6015
963 995 0.7852
963 979 0.5976
963 971 0.4743
963 967 0.8306
964 996 0.4299
964 980 0.8596
964 972 0.8438
964 966 0.8282
964 965 0.8619
965 997 0.6099
965 981 0.5859
965 973 0.7349
965 967 0.8613
966 998 0.8280
966 982 0.7612
966 974 0.5025
966 967 0.8275
967 999 0.7920
967 983 0.7947
967 975 0.7998
968 1000 0.5174
968 984 0.4024
968 972 0.6023
968 970 0.6015
968 969 0.5428
969 1001 0.5343
969 985 0.8766
969 973 0.6572
969 971 0.4274
970 1002 0.7319
970 986 0.5817
970 974 0.5172
970 971 0.4860
971 1003 0.1949
971 987 0.4093
971 975 0.4436
972 1004 0.9543
972 988 0.7120
972 974 0.5181
972 973 0.7167
973 1005 0.6773
973 989 0.3192
973 975 0.6734
974 1006 0.5279
974 990 0.3342
974 975 0.4748
975 1007 0.6738
975 991 0.8856
976 1008 0.3001
976 984 0.4168
976 980 0.6324
976 978 0.3579
976 977 0.2975
977 1009 0.3782
977 985 0.6170
977 981 0.2487
977 979 0.2911
978 1010 0.3831
978 986 0.3237
978 982 0.5180
978 979 0.3514
979 1011 0.2961
979 987 0.5326
979 983 0.5617
980 1012 0.7969
980 988 0.7278
980 982 0.7926
980 981 0.5836
981 1013 0.5323
981 989 0.1703
981 983 0.5194
982 1014 0.7983
982 990 0.5928
982 983 0.7284
983 1015 0.7755
983 991 0.8804
984 1016 0.3282
984 988 0.5121
984 986 0.3826
984 985 0.7363
985 1017 0.8072
985 989 0.5387
985 987 0.8586
986 1018 0.1705
986 990 0.3986
986 987 0.5049
987 1019 0.7274
987 991 0.8512
988 1020 0.4829
988 990 0.5281
988 989 0.3145
989 1021 0.1758
989 991 0.5313
990 1022 0.4133
990 991 0.7449
991 1023 0.9432
992 1008 0.3901
992 1000 0.6218
992 996 0.2928
992 994 0.6217
992 993 0.2802
993 1009 0.2709
993 1001 0.1674
993 997 0.1653
993 995 0.3714
994 1010 0.5570
994 1002 0.6479
994 998 0.7587
994 995 0.7128
995 1011 0.4837
995 1003 0.5057
995 999 0.7467
996 1012 0.3673
996 1004 0.5404
996 998 0.4298
996 997 0.1779
997 1013 0.5562
997 1005 0.5523
997 999 0.5406
998 1014 0.8651
998 1006 0.8535
998 999 0.7925
999 1015 0.7729
999 1007 0.6659
1000 1016 0.4432
1000 1004 0.8693
1000 1002 0.6479
1000 1001 0.5089
1001 1017 0.4648
1001 1005 0.5544
1001 1003 0.3018
1002 1018 0.3208
1002 1006 0.7426
1002 1003 0.4407
1003 1019 0.5130
1003 1007 0.4250
1004 1020 0.7252
1004 1006 0.9640
1004 1005 0.9148
1005 1021 0.5338
1005 1007 0.6776
1006 1022 0.6071
1006 1007 0.7268
1007 1023 0.7314
1008 1016 0.2115
1008 1012 0.4646
1008 1010 0.3254
1008 1009 0.3807
1009 1017 0.5683
1009 1013 0.6617
1009 1011 0.3832
1010 1018 0.2300
1010 1014 0.6634
1010 1011 0.3279
1011 1019 0.4910
1011 1015 0.5099
1012 1020 0.5521
1012 1014 0.8026
1012 1013 0.7455
1013 1021 0.5377
1013 1015 0.7884
1014 1022 0.6188
1014 1015 0.8455
1015 1023 0.8384
1016 1020 0.2991
1016 1018 0.1161
1016 1017 0.3991
1017 1021 0.4443
1017 1019 0.6761
1018 1022 0.1853
1018 1019 0.3930
1019 1023 0.8195
1020 1022 0.3683
1020 1021 0.3442
1021 1023 0.5877
1022 1023 0